location_slug,location_name,target_date,adm4,bmkg_point_name,area_level,is_proxy_bmkg,latitude,longitude,timezone,location_note,jam,sources_used,weight_total,coverage_status,source_list,dominant_category,confidence_score,confidence_label,temp_mean,temp_error,rh_mean,rh_error,rain_mean,rain_error,heat_index_mean,heat_index_error,pct_cerah,pct_cerah_berawan,pct_berawan,pct_hujan_ringan,pct_hujan_sedang,pct_hujan_lebat,temp_std,rh_std,rain_std,heat_index_std,sources_expected,coverage_fraction,gap_mean_minutes,gap_max_minutes
plta_redelong,PLTA Redelong,2026-07-19,11.17.05.2002,Bale Redelong,outlet_reference,yes,4.748139,96.977344,Asia/Jakarta,Forecast Redelong representative point. BMKG ADM4 reference: 11.17.05.2002 (Bale Redelong). Initial BMKG reference for Forecast Redelong Spatial role: outlet_reference. Titik referensi PLTA; tidak diberi bobot luas.,00:00,6,6.0,cukup,"CMA,ECMWF,GFS,ICON,METEOFRANCE,UKMO",Hujan Ringan,77.1,Sedang,19.67,+/-1.21,97.17,+/-1.67,0.03,+/-0.04,19.67,+/-1.21,0.0,33.3,16.7,50.0,0.0,0.0,1.21,1.67,0.04,1.21,7,0.8571,0.0,0.0
plta_redelong,PLTA Redelong,2026-07-19,11.17.05.2002,Bale Redelong,outlet_reference,yes,4.748139,96.977344,Asia/Jakarta,Forecast Redelong representative point. BMKG ADM4 reference: 11.17.05.2002 (Bale Redelong). Initial BMKG reference for Forecast Redelong Spatial role: outlet_reference. Titik referensi PLTA; tidak diberi bobot luas.,01:00,6,6.0,cukup,"CMA,ECMWF,GFS,ICON,METEOFRANCE,UKMO",Hujan Ringan,77.0,Sedang,19.48,+/-1.27,96.5,+/-2.36,0.06,+/-0.08,19.48,+/-1.27,0.0,33.3,16.7,50.0,0.0,0.0,1.27,2.36,0.08,1.27,7,0.8571,0.0,0.0
plta_redelong,PLTA Redelong,2026-07-19,11.17.05.2002,Bale Redelong,outlet_reference,yes,4.748139,96.977344,Asia/Jakarta,Forecast Redelong representative point. BMKG ADM4 reference: 11.17.05.2002 (Bale Redelong). Initial BMKG reference for Forecast Redelong Spatial role: outlet_reference. Titik referensi PLTA; tidak diberi bobot luas.,02:00,6,6.0,cukup,"CMA,ECMWF,GFS,ICON,METEOFRANCE,UKMO",Hujan Ringan,77.3,Sedang,18.7,+/-0.52,96.0,+/-2.52,0.22,+/-0.25,18.7,+/-0.52,0.0,16.7,33.3,50.0,0.0,0.0,0.52,2.52,0.25,0.52,7,0.8571,0.0,0.0
plta_redelong,PLTA Redelong,2026-07-19,11.17.05.2002,Bale Redelong,outlet_reference,yes,4.748139,96.977344,Asia/Jakarta,Forecast Redelong representative point. BMKG ADM4 reference: 11.17.05.2002 (Bale Redelong). Initial BMKG reference for Forecast Redelong Spatial role: outlet_reference. Titik referensi PLTA; tidak diberi bobot luas.,03:00,6,6.0,cukup,"CMA,ECMWF,GFS,ICON,METEOFRANCE,UKMO",Hujan Ringan,77.3,Sedang,18.52,+/-0.56,95.83,+/-2.34,0.15,+/-0.18,18.52,+/-0.56,0.0,16.7,33.3,50.0,0.0,0.0,0.56,2.34,0.18,0.56,7,0.8571,0.0,0.0
plta_redelong,PLTA Redelong,2026-07-19,11.17.05.2002,Bale Redelong,outlet_reference,yes,4.748139,96.977344,Asia/Jakarta,Forecast Redelong representative point. BMKG ADM4 reference: 11.17.05.2002 (Bale Redelong). Initial BMKG reference for Forecast Redelong Spatial role: outlet_reference. Titik referensi PLTA; tidak diberi bobot luas.,04:00,6,6.0,cukup,"CMA,ECMWF,GFS,ICON,METEOFRANCE,UKMO",Hujan Ringan,77.4,Sedang,18.44,+/-0.55,95.5,+/-1.98,0.06,+/-0.08,18.44,+/-0.55,16.7,16.7,16.7,50.0,0.0,0.0,0.55,1.98,0.08,0.55,7,0.8571,0.0,0.0
plta_redelong,PLTA Redelong,2026-07-19,11.17.05.2002,Bale Redelong,outlet_reference,yes,4.748139,96.977344,Asia/Jakarta,Forecast Redelong representative point. BMKG ADM4 reference: 11.17.05.2002 (Bale Redelong). Initial BMKG reference for Forecast Redelong Spatial role: outlet_reference. Titik referensi PLTA; tidak diberi bobot luas.,05:00,6,6.0,cukup,"CMA,ECMWF,GFS,ICON,METEOFRANCE,UKMO",Cerah,73.3,Sedang,18.4,+/-0.6,95.17,+/-1.95,0.0,+/-0.0,18.4,+/-0.6,33.3,33.3,33.3,0.0,0.0,0.0,0.6,1.95,0.0,0.6,7,0.8571,0.0,0.0
plta_redelong,PLTA Redelong,2026-07-19,11.17.05.2002,Bale Redelong,outlet_reference,yes,4.748139,96.977344,Asia/Jakarta,Forecast Redelong representative point. BMKG ADM4 reference: 11.17.05.2002 (Bale Redelong). Initial BMKG reference for Forecast Redelong Spatial role: outlet_reference. Titik referensi PLTA; tidak diberi bobot luas.,06:00,6,6.0,cukup,"CMA,ECMWF,GFS,ICON,METEOFRANCE,UKMO",Cerah Berawan,77.3,Sedang,18.92,+/-1.13,94.0,+/-0.63,0.0,+/-0.0,18.92,+/-1.13,16.7,50.0,33.3,0.0,0.0,0.0,1.13,0.63,0.0,1.13,7,0.8571,0.0,0.0
plta_redelong,PLTA Redelong,2026-07-19,11.17.05.2002,Bale Redelong,outlet_reference,yes,4.748139,96.977344,Asia/Jakarta,Forecast Redelong representative point. BMKG ADM4 reference: 11.17.05.2002 (Bale Redelong). Initial BMKG reference for Forecast Redelong Spatial role: outlet_reference. Titik referensi PLTA; tidak diberi bobot luas.,07:00,6,6.0,cukup,"CMA,ECMWF,GFS,ICON,METEOFRANCE,UKMO",Berawan,81.3,Tinggi,19.17,+/-1.08,94.33,+/-2.49,0.0,+/-0.0,19.17,+/-1.08,16.7,16.7,66.7,0.0,0.0,0.0,1.08,2.49,0.0,1.08,7,0.8571,0.0,0.0
plta_redelong,PLTA Redelong,2026-07-19,11.17.05.2002,Bale Redelong,outlet_reference,yes,4.748139,96.977344,Asia/Jakarta,Forecast Redelong representative point. BMKG ADM4 reference: 11.17.05.2002 (Bale Redelong). Initial BMKG reference for Forecast Redelong Spatial role: outlet_reference. Titik referensi PLTA; tidak diberi bobot luas.,08:00,6,6.0,cukup,"CMA,ECMWF,GFS,ICON,METEOFRANCE,UKMO",Berawan,85.3,Tinggi,20.72,+/-0.8,92.0,+/-3.65,0.18,+/-0.41,20.72,+/-0.8,0.0,0.0,83.3,16.7,0.0,0.0,0.8,3.65,0.41,0.8,7,0.8571,0.0,0.0
plta_redelong,PLTA Redelong,2026-07-19,11.17.05.2002,Bale Redelong,outlet_reference,yes,4.748139,96.977344,Asia/Jakarta,Forecast Redelong representative point. BMKG ADM4 reference: 11.17.05.2002 (Bale Redelong). Initial BMKG reference for Forecast Redelong Spatial role: outlet_reference. Titik referensi PLTA; tidak diberi bobot luas.,09:00,6,6.0,cukup,"CMA,ECMWF,GFS,ICON,METEOFRANCE,UKMO",Berawan,77.1,Sedang,21.88,+/-0.12,86.0,+/-5.6,0.18,+/-0.41,21.88,+/-0.12,0.0,33.3,50.0,16.7,0.0,0.0,0.12,5.6,0.41,0.12,7,0.8571,0.0,0.0
plta_redelong,PLTA Redelong,2026-07-19,11.17.05.2002,Bale Redelong,outlet_reference,yes,4.748139,96.977344,Asia/Jakarta,Forecast Redelong representative point. BMKG ADM4 reference: 11.17.05.2002 (Bale Redelong). Initial BMKG reference for Forecast Redelong Spatial role: outlet_reference. Titik referensi PLTA; tidak diberi bobot luas.,10:00,6,6.0,cukup,"CMA,ECMWF,GFS,ICON,METEOFRANCE,UKMO",Hujan Ringan,77.1,Sedang,23.12,+/-0.26,80.33,+/-8.6,0.06,+/-0.08,23.12,+/-0.26,0.0,33.3,16.7,50.0,0.0,0.0,0.26,8.6,0.08,0.26,7,0.8571,0.0,0.0
plta_redelong,PLTA Redelong,2026-07-19,11.17.05.2002,Bale Redelong,outlet_reference,yes,4.748139,96.977344,Asia/Jakarta,Forecast Redelong representative point. BMKG ADM4 reference: 11.17.05.2002 (Bale Redelong). Initial BMKG reference for Forecast Redelong Spatial role: outlet_reference. Titik referensi PLTA; tidak diberi bobot luas.,11:00,6,6.0,cukup,"CMA,ECMWF,GFS,ICON,METEOFRANCE,UKMO",Hujan Ringan,71.7,Sedang,24.35,+/-1.21,76.17,+/-10.56,0.62,+/-0.88,24.35,+/-1.21,0.0,33.3,33.3,33.3,0.0,0.0,1.21,10.56,0.88,1.21,7,0.8571,0.0,0.0
plta_redelong,PLTA Redelong,2026-07-19,11.17.05.2002,Bale Redelong,outlet_reference,yes,4.748139,96.977344,Asia/Jakarta,Forecast Redelong representative point. BMKG ADM4 reference: 11.17.05.2002 (Bale Redelong). Initial BMKG reference for Forecast Redelong Spatial role: outlet_reference. Titik referensi PLTA; tidak diberi bobot luas.,12:00,7,6.6868,cukup,"BMKG,CMA,ECMWF,GFS,ICON,METEOFRANCE,UKMO",Hujan Ringan,92.0,Tinggi,23.92,+/-2.33,79.34,+/-11.1,0.12,+/-0.04,24.39,+/-3.14,0.0,0.0,15.0,85.0,0.0,0.0,2.33,11.1,0.04,3.14,7,1.0,25.71,180.0
plta_redelong,PLTA Redelong,2026-07-19,11.17.05.2002,Bale Redelong,outlet_reference,yes,4.748139,96.977344,Asia/Jakarta,Forecast Redelong representative point. BMKG ADM4 reference: 11.17.05.2002 (Bale Redelong). Initial BMKG reference for Forecast Redelong Spatial role: outlet_reference. Titik referensi PLTA; tidak diberi bobot luas.,13:00,7,6.6868,cukup,"BMKG,CMA,ECMWF,GFS,ICON,METEOFRANCE,UKMO",Hujan Ringan,92.0,Tinggi,23.31,+/-2.26,88.02,+/-4.33,1.32,+/-0.76,22.69,+/-1.86,0.0,0.0,0.0,85.0,0.0,15.0,2.26,4.33,0.76,1.86,7,1.0,17.14,120.0
plta_redelong,PLTA Redelong,2026-07-19,11.17.05.2002,Bale Redelong,outlet_reference,yes,4.748139,96.977344,Asia/Jakarta,Forecast Redelong representative point. BMKG ADM4 reference: 11.17.05.2002 (Bale Redelong). Initial BMKG reference for Forecast Redelong Spatial role: outlet_reference. Titik referensi PLTA; tidak diberi bobot luas.,14:00,7,6.9366,cukup,"BMKG,CMA,ECMWF,GFS,ICON,METEOFRANCE,UKMO",Hujan Sedang,81.9,Tinggi,22.91,+/-1.9,89.79,+/-6.67,2.4,+/-1.36,22.91,+/-1.9,0.0,0.0,0.0,42.3,43.2,14.4,1.9,6.67,1.36,1.9,7,1.0,8.57,60.0
plta_redelong,PLTA Redelong,2026-07-19,11.17.05.2002,Bale Redelong,outlet_reference,yes,4.748139,96.977344,Asia/Jakarta,Forecast Redelong representative point. BMKG ADM4 reference: 11.17.05.2002 (Bale Redelong). Initial BMKG reference for Forecast Redelong Spatial role: outlet_reference. Titik referensi PLTA; tidak diberi bobot luas.,15:00,7,7.2488,cukup,"BMKG,CMA,ECMWF,GFS,ICON,METEOFRANCE,UKMO",Hujan Ringan,84.2,Tinggi,22.62,+/-0.37,89.72,+/-5.13,2.7,+/-1.44,22.62,+/-0.37,0.0,0.0,0.0,44.8,41.4,13.8,0.37,5.13,1.44,0.37,7,1.0,0.0,0.0
plta_redelong,PLTA Redelong,2026-07-19,11.17.05.2002,Bale Redelong,outlet_reference,yes,4.748139,96.977344,Asia/Jakarta,Forecast Redelong representative point. BMKG ADM4 reference: 11.17.05.2002 (Bale Redelong). Initial BMKG reference for Forecast Redelong Spatial role: outlet_reference. Titik referensi PLTA; tidak diberi bobot luas.,16:00,7,6.9366,cukup,"BMKG,CMA,ECMWF,GFS,ICON,METEOFRANCE,UKMO",Hujan Sedang,81.5,Tinggi,21.81,+/-1.56,93.42,+/-2.68,3.73,+/-2.58,21.81,+/-1.56,0.0,0.0,0.0,42.3,43.2,14.4,1.56,2.68,2.58,1.56,7,1.0,8.57,60.0
plta_redelong,PLTA Redelong,2026-07-19,11.17.05.2002,Bale Redelong,outlet_reference,yes,4.748139,96.977344,Asia/Jakarta,Forecast Redelong representative point. BMKG ADM4 reference: 11.17.05.2002 (Bale Redelong). Initial BMKG reference for Forecast Redelong Spatial role: outlet_reference. Titik referensi PLTA; tidak diberi bobot luas.,17:00,7,6.9366,cukup,"BMKG,CMA,ECMWF,GFS,ICON,METEOFRANCE,UKMO",Hujan Ringan,86.0,Tinggi,21.52,+/-1.61,93.4,+/-3.81,1.36,+/-1.19,21.52,+/-1.61,0.0,0.0,13.5,57.7,14.4,14.4,1.61,3.81,1.19,1.61,7,1.0,8.57,60.0
plta_redelong,PLTA Redelong,2026-07-19,11.17.05.2002,Bale Redelong,outlet_reference,yes,4.748139,96.977344,Asia/Jakarta,Forecast Redelong representative point. BMKG ADM4 reference: 11.17.05.2002 (Bale Redelong). Initial BMKG reference for Forecast Redelong Spatial role: outlet_reference. Titik referensi PLTA; tidak diberi bobot luas.,18:00,7,7.2488,cukup,"BMKG,CMA,ECMWF,GFS,ICON,METEOFRANCE,UKMO",Hujan Ringan,90.6,Tinggi,21.02,+/-0.24,95.07,+/-1.78,1.87,+/-1.35,21.02,+/-0.24,0.0,0.0,17.2,69.0,13.8,0.0,0.24,1.78,1.35,0.24,7,1.0,0.0,0.0
plta_redelong,PLTA Redelong,2026-07-19,11.17.05.2002,Bale Redelong,outlet_reference,yes,4.748139,96.977344,Asia/Jakarta,Forecast Redelong representative point. BMKG ADM4 reference: 11.17.05.2002 (Bale Redelong). Initial BMKG reference for Forecast Redelong Spatial role: outlet_reference. Titik referensi PLTA; tidak diberi bobot luas.,19:00,7,6.9366,cukup,"BMKG,CMA,ECMWF,GFS,ICON,METEOFRANCE,UKMO",Hujan Ringan,90.8,Tinggi,20.26,+/-0.52,96.14,+/-1.13,0.83,+/-0.66,20.26,+/-0.52,0.0,0.0,27.9,72.1,0.0,0.0,0.52,1.13,0.66,0.52,7,1.0,8.57,60.0
plta_redelong,PLTA Redelong,2026-07-19,11.17.05.2002,Bale Redelong,outlet_reference,yes,4.748139,96.977344,Asia/Jakarta,Forecast Redelong representative point. BMKG ADM4 reference: 11.17.05.2002 (Bale Redelong). Initial BMKG reference for Forecast Redelong Spatial role: outlet_reference. Titik referensi PLTA; tidak diberi bobot luas.,20:00,7,6.9366,cukup,"BMKG,CMA,ECMWF,GFS,ICON,METEOFRANCE,UKMO",Hujan Ringan,87.0,Tinggi,19.9,+/-1.69,97.0,+/-1.2,0.05,+/-0.05,19.9,+/-1.69,13.5,0.0,28.8,57.7,0.0,0.0,1.69,1.2,0.05,1.69,7,1.0,8.57,60.0
plta_redelong,PLTA Redelong,2026-07-19,11.17.05.2002,Bale Redelong,outlet_reference,yes,4.748139,96.977344,Asia/Jakarta,Forecast Redelong representative point. BMKG ADM4 reference: 11.17.05.2002 (Bale Redelong). Initial BMKG reference for Forecast Redelong Spatial role: outlet_reference. Titik referensi PLTA; tidak diberi bobot luas.,21:00,7,7.2488,cukup,"BMKG,CMA,ECMWF,GFS,ICON,METEOFRANCE,UKMO",Hujan Ringan,87.3,Tinggi,19.58,+/-1.67,97.28,+/-0.45,0.25,+/-0.31,19.58,+/-1.67,17.2,0.0,27.6,55.2,0.0,0.0,1.67,0.45,0.31,1.67,7,1.0,0.0,0.0
plta_redelong,PLTA Redelong,2026-07-19,11.17.05.2002,Bale Redelong,outlet_reference,yes,4.748139,96.977344,Asia/Jakarta,Forecast Redelong representative point. BMKG ADM4 reference: 11.17.05.2002 (Bale Redelong). Initial BMKG reference for Forecast Redelong Spatial role: outlet_reference. Titik referensi PLTA; tidak diberi bobot luas.,22:00,7,6.9366,cukup,"BMKG,CMA,ECMWF,GFS,ICON,METEOFRANCE,UKMO",Berawan,83.4,Tinggi,19.55,+/-1.61,97.14,+/-1.13,0.08,+/-0.12,19.55,+/-1.61,13.5,0.0,43.2,43.2,0.0,0.0,1.61,1.13,0.12,1.61,7,1.0,8.57,60.0
plta_redelong,PLTA Redelong,2026-07-19,11.17.05.2002,Bale Redelong,outlet_reference,yes,4.748139,96.977344,Asia/Jakarta,Forecast Redelong representative point. BMKG ADM4 reference: 11.17.05.2002 (Bale Redelong). Initial BMKG reference for Forecast Redelong Spatial role: outlet_reference. Titik referensi PLTA; tidak diberi bobot luas.,23:00,7,6.6868,cukup,"BMKG,CMA,ECMWF,GFS,ICON,METEOFRANCE,UKMO",Berawan,83.1,Tinggi,19.42,+/-1.51,96.7,+/-1.52,0.02,+/-0.04,19.42,+/-1.51,10.3,29.9,44.9,15.0,0.0,0.0,1.51,1.52,0.04,1.51,7,1.0,17.14,120.0
plta_redelong,PLTA Redelong,2026-07-20,11.17.05.2002,Bale Redelong,outlet_reference,yes,4.748139,96.977344,Asia/Jakarta,Forecast Redelong representative point. BMKG ADM4 reference: 11.17.05.2002 (Bale Redelong). Initial BMKG reference for Forecast Redelong Spatial role: outlet_reference. Titik referensi PLTA; tidak diberi bobot luas.,00:00,7,7.216,cukup,"BMKG,CMA,ECMWF,GFS,ICON,METEOFRANCE,UKMO",Cerah Berawan,84.6,Tinggi,18.84,+/-1.79,96.42,+/-1.81,0.05,+/-0.08,18.84,+/-1.79,0.0,44.6,27.7,27.7,0.0,0.0,1.79,1.81,0.08,1.79,7,1.0,0.0,0.0
plta_redelong,PLTA Redelong,2026-07-20,11.17.05.2002,Bale Redelong,outlet_reference,yes,4.748139,96.977344,Asia/Jakarta,Forecast Redelong representative point. BMKG ADM4 reference: 11.17.05.2002 (Bale Redelong). Initial BMKG reference for Forecast Redelong Spatial role: outlet_reference. Titik referensi PLTA; tidak diberi bobot luas.,01:00,7,6.912,cukup,"BMKG,CMA,ECMWF,GFS,ICON,METEOFRANCE,UKMO",Cerah Berawan,82.9,Tinggi,18.78,+/-1.68,96.29,+/-1.99,0.12,+/-0.19,18.78,+/-1.68,14.5,42.1,14.5,28.9,0.0,0.0,1.68,1.99,0.19,1.68,7,1.0,8.57,60.0
plta_redelong,PLTA Redelong,2026-07-20,11.17.05.2002,Bale Redelong,outlet_reference,yes,4.748139,96.977344,Asia/Jakarta,Forecast Redelong representative point. BMKG ADM4 reference: 11.17.05.2002 (Bale Redelong). Initial BMKG reference for Forecast Redelong Spatial role: outlet_reference. Titik referensi PLTA; tidak diberi bobot luas.,02:00,7,6.912,cukup,"BMKG,CMA,ECMWF,GFS,ICON,METEOFRANCE,UKMO",Hujan Ringan,83.2,Tinggi,18.49,+/-1.88,96.55,+/-2.07,0.1,+/-0.13,18.49,+/-1.88,14.5,0.0,42.1,43.4,0.0,0.0,1.88,2.07,0.13,1.88,7,1.0,8.57,60.0
plta_redelong,PLTA Redelong,2026-07-20,11.17.05.2002,Bale Redelong,outlet_reference,yes,4.748139,96.977344,Asia/Jakarta,Forecast Redelong representative point. BMKG ADM4 reference: 11.17.05.2002 (Bale Redelong). Initial BMKG reference for Forecast Redelong Spatial role: outlet_reference. Titik referensi PLTA; tidak diberi bobot luas.,03:00,7,7.216,cukup,"BMKG,CMA,ECMWF,GFS,ICON,METEOFRANCE,UKMO",Berawan,84.8,Tinggi,17.69,+/-1.43,96.34,+/-1.58,0.05,+/-0.09,17.69,+/-1.43,13.9,0.0,44.6,41.6,0.0,0.0,1.43,1.58,0.09,1.43,7,1.0,0.0,0.0
plta_redelong,PLTA Redelong,2026-07-20,11.17.05.2002,Bale Redelong,outlet_reference,yes,4.748139,96.977344,Asia/Jakarta,Forecast Redelong representative point. BMKG ADM4 reference: 11.17.05.2002 (Bale Redelong). Initial BMKG reference for Forecast Redelong Spatial role: outlet_reference. Titik referensi PLTA; tidak diberi bobot luas.,04:00,7,6.912,cukup,"BMKG,CMA,ECMWF,GFS,ICON,METEOFRANCE,UKMO",Hujan Ringan,83.5,Tinggi,17.74,+/-1.29,96.41,+/-1.4,0.05,+/-0.09,17.74,+/-1.29,14.5,0.0,42.1,43.4,0.0,0.0,1.29,1.4,0.09,1.29,7,1.0,8.57,60.0
plta_redelong,PLTA Redelong,2026-07-20,11.17.05.2002,Bale Redelong,outlet_reference,yes,4.748139,96.977344,Asia/Jakarta,Forecast Redelong representative point. BMKG ADM4 reference: 11.17.05.2002 (Bale Redelong). Initial BMKG reference for Forecast Redelong Spatial role: outlet_reference. Titik referensi PLTA; tidak diberi bobot luas.,05:00,7,6.912,cukup,"BMKG,CMA,ECMWF,GFS,ICON,METEOFRANCE,UKMO",Hujan Ringan,86.8,Tinggi,18.47,+/-1.64,95.74,+/-1.38,0.4,+/-0.34,18.47,+/-1.64,14.5,13.2,14.5,57.9,0.0,0.0,1.64,1.38,0.34,1.64,7,1.0,8.57,60.0
plta_redelong,PLTA Redelong,2026-07-20,11.17.05.2002,Bale Redelong,outlet_reference,yes,4.748139,96.977344,Asia/Jakarta,Forecast Redelong representative point. BMKG ADM4 reference: 11.17.05.2002 (Bale Redelong). Initial BMKG reference for Forecast Redelong Spatial role: outlet_reference. Titik referensi PLTA; tidak diberi bobot luas.,06:00,7,7.216,cukup,"BMKG,CMA,ECMWF,GFS,ICON,METEOFRANCE,UKMO",Hujan Ringan,87.2,Tinggi,18.44,+/-1.68,95.11,+/-1.54,0.3,+/-0.33,18.44,+/-1.68,13.9,16.9,13.9,55.4,0.0,0.0,1.68,1.54,0.33,1.68,7,1.0,0.0,0.0
plta_redelong,PLTA Redelong,2026-07-20,11.17.05.2002,Bale Redelong,outlet_reference,yes,4.748139,96.977344,Asia/Jakarta,Forecast Redelong representative point. BMKG ADM4 reference: 11.17.05.2002 (Bale Redelong). Initial BMKG reference for Forecast Redelong Spatial role: outlet_reference. Titik referensi PLTA; tidak diberi bobot luas.,07:00,7,6.912,cukup,"BMKG,CMA,ECMWF,GFS,ICON,METEOFRANCE,UKMO",Hujan Ringan,83.3,Tinggi,18.82,+/-1.6,94.43,+/-2.34,0.05,+/-0.09,18.82,+/-1.6,14.5,13.2,28.9,43.4,0.0,0.0,1.6,2.34,0.09,1.6,7,1.0,8.57,60.0
plta_redelong,PLTA Redelong,2026-07-20,11.17.05.2002,Bale Redelong,outlet_reference,yes,4.748139,96.977344,Asia/Jakarta,Forecast Redelong representative point. BMKG ADM4 reference: 11.17.05.2002 (Bale Redelong). Initial BMKG reference for Forecast Redelong Spatial role: outlet_reference. Titik referensi PLTA; tidak diberi bobot luas.,08:00,7,6.912,cukup,"BMKG,CMA,ECMWF,GFS,ICON,METEOFRANCE,UKMO",Berawan,83.6,Tinggi,20.77,+/-0.82,92.67,+/-2.69,0.13,+/-0.2,20.77,+/-0.82,27.7,0.0,43.4,28.9,0.0,0.0,0.82,2.69,0.2,0.82,7,1.0,8.57,60.0
plta_redelong,PLTA Redelong,2026-07-20,11.17.05.2002,Bale Redelong,outlet_reference,yes,4.748139,96.977344,Asia/Jakarta,Forecast Redelong representative point. BMKG ADM4 reference: 11.17.05.2002 (Bale Redelong). Initial BMKG reference for Forecast Redelong Spatial role: outlet_reference. Titik referensi PLTA; tidak diberi bobot luas.,09:00,7,7.216,cukup,"BMKG,CMA,ECMWF,GFS,ICON,METEOFRANCE,UKMO",Berawan,83.9,Tinggi,21.96,+/-0.94,85.48,+/-4.18,0.22,+/-0.32,21.96,+/-0.94,30.7,0.0,41.6,27.7,0.0,0.0,0.94,4.18,0.32,0.94,7,1.0,0.0,0.0
plta_redelong,PLTA Redelong,2026-07-20,11.17.05.2002,Bale Redelong,outlet_reference,yes,4.748139,96.977344,Asia/Jakarta,Forecast Redelong representative point. BMKG ADM4 reference: 11.17.05.2002 (Bale Redelong). Initial BMKG reference for Forecast Redelong Spatial role: outlet_reference. Titik referensi PLTA; tidak diberi bobot luas.,10:00,7,6.912,cukup,"BMKG,CMA,ECMWF,GFS,ICON,METEOFRANCE,UKMO",Hujan Ringan,83.1,Tinggi,22.98,+/-1.28,82.48,+/-6.18,0.14,+/-0.19,22.98,+/-1.28,27.7,0.0,28.9,43.4,0.0,0.0,1.28,6.18,0.19,1.28,7,1.0,8.57,60.0
plta_redelong,PLTA Redelong,2026-07-20,11.17.05.2002,Bale Redelong,outlet_reference,yes,4.748139,96.977344,Asia/Jakarta,Forecast Redelong representative point. BMKG ADM4 reference: 11.17.05.2002 (Bale Redelong). Initial BMKG reference for Forecast Redelong Spatial role: outlet_reference. Titik referensi PLTA; tidak diberi bobot luas.,11:00,7,6.912,cukup,"BMKG,CMA,ECMWF,GFS,ICON,METEOFRANCE,UKMO",Hujan Ringan,86.2,Tinggi,23.99,+/-1.26,79.77,+/-9.44,0.7,+/-0.58,23.99,+/-1.26,13.2,14.5,0.0,57.9,0.0,14.5,1.26,9.44,0.58,1.26,7,1.0,8.57,60.0
plta_redelong,PLTA Redelong,2026-07-20,11.17.05.2002,Bale Redelong,outlet_reference,yes,4.748139,96.977344,Asia/Jakarta,Forecast Redelong representative point. BMKG ADM4 reference: 11.17.05.2002 (Bale Redelong). Initial BMKG reference for Forecast Redelong Spatial role: outlet_reference. Titik referensi PLTA; tidak diberi bobot luas.,12:00,7,7.216,cukup,"BMKG,CMA,ECMWF,GFS,ICON,METEOFRANCE,UKMO",Hujan Ringan,90.3,Tinggi,23.97,+/-1.33,87.0,+/-4.56,1.05,+/-0.68,23.97,+/-1.33,16.9,0.0,0.0,69.3,0.0,13.9,1.33,4.56,0.68,1.33,7,1.0,0.0,0.0
plta_redelong,PLTA Redelong,2026-07-20,11.17.05.2002,Bale Redelong,outlet_reference,yes,4.748139,96.977344,Asia/Jakarta,Forecast Redelong representative point. BMKG ADM4 reference: 11.17.05.2002 (Bale Redelong). Initial BMKG reference for Forecast Redelong Spatial role: outlet_reference. Titik referensi PLTA; tidak diberi bobot luas.,13:00,7,6.912,cukup,"BMKG,CMA,ECMWF,GFS,ICON,METEOFRANCE,UKMO",Hujan Ringan,85.8,Tinggi,23.46,+/-1.66,86.28,+/-10.49,1.43,+/-0.81,23.46,+/-1.66,13.2,0.0,0.0,57.9,14.5,14.5,1.66,10.49,0.81,1.66,7,1.0,8.57,60.0
plta_redelong,PLTA Redelong,2026-07-20,11.17.05.2002,Bale Redelong,outlet_reference,yes,4.748139,96.977344,Asia/Jakarta,Forecast Redelong representative point. BMKG ADM4 reference: 11.17.05.2002 (Bale Redelong). Initial BMKG reference for Forecast Redelong Spatial role: outlet_reference. Titik referensi PLTA; tidak diberi bobot luas.,14:00,7,6.912,cukup,"BMKG,CMA,ECMWF,GFS,ICON,METEOFRANCE,UKMO",Hujan Ringan,85.4,Tinggi,22.91,+/-1.85,89.64,+/-6.21,2.5,+/-1.17,22.91,+/-1.85,0.0,0.0,0.0,56.6,28.9,14.5,1.85,6.21,1.17,1.85,7,1.0,8.57,60.0
plta_redelong,PLTA Redelong,2026-07-20,11.17.05.2002,Bale Redelong,outlet_reference,yes,4.748139,96.977344,Asia/Jakarta,Forecast Redelong representative point. BMKG ADM4 reference: 11.17.05.2002 (Bale Redelong). Initial BMKG reference for Forecast Redelong Spatial role: outlet_reference. Titik referensi PLTA; tidak diberi bobot luas.,15:00,7,7.216,cukup,"BMKG,CMA,ECMWF,GFS,ICON,METEOFRANCE,UKMO",Hujan Ringan,87.0,Tinggi,22.55,+/-1.65,89.54,+/-6.01,2.43,+/-1.2,22.55,+/-1.65,0.0,0.0,0.0,58.4,27.7,13.9,1.65,6.01,1.2,1.65,7,1.0,0.0,0.0
plta_redelong,PLTA Redelong,2026-07-20,11.17.05.2002,Bale Redelong,outlet_reference,yes,4.748139,96.977344,Asia/Jakarta,Forecast Redelong representative point. BMKG ADM4 reference: 11.17.05.2002 (Bale Redelong). Initial BMKG reference for Forecast Redelong Spatial role: outlet_reference. Titik referensi PLTA; tidak diberi bobot luas.,16:00,7,6.912,cukup,"BMKG,CMA,ECMWF,GFS,ICON,METEOFRANCE,UKMO",Hujan Ringan,85.5,Tinggi,22.37,+/-1.44,89.21,+/-7.44,1.9,+/-1.12,22.37,+/-1.44,0.0,0.0,0.0,56.6,28.9,14.5,1.44,7.44,1.12,1.44,7,1.0,8.57,60.0
plta_redelong,PLTA Redelong,2026-07-20,11.17.05.2002,Bale Redelong,outlet_reference,yes,4.748139,96.977344,Asia/Jakarta,Forecast Redelong representative point. BMKG ADM4 reference: 11.17.05.2002 (Bale Redelong). Initial BMKG reference for Forecast Redelong Spatial role: outlet_reference. Titik referensi PLTA; tidak diberi bobot luas.,17:00,7,6.912,cukup,"BMKG,CMA,ECMWF,GFS,ICON,METEOFRANCE,UKMO",Hujan Ringan,86.3,Tinggi,21.56,+/-1.75,92.78,+/-1.47,1.05,+/-0.86,21.56,+/-1.75,0.0,13.2,0.0,57.9,14.5,14.5,1.75,1.47,0.86,1.75,7,1.0,8.57,60.0
plta_redelong,PLTA Redelong,2026-07-20,11.17.05.2002,Bale Redelong,outlet_reference,yes,4.748139,96.977344,Asia/Jakarta,Forecast Redelong representative point. BMKG ADM4 reference: 11.17.05.2002 (Bale Redelong). Initial BMKG reference for Forecast Redelong Spatial role: outlet_reference. Titik referensi PLTA; tidak diberi bobot luas.,18:00,7,7.216,cukup,"BMKG,CMA,ECMWF,GFS,ICON,METEOFRANCE,UKMO",Hujan Ringan,90.6,Tinggi,20.81,+/-1.69,95.25,+/-1.57,0.46,+/-0.4,20.81,+/-1.69,0.0,16.9,13.9,69.3,0.0,0.0,1.69,1.57,0.4,1.69,7,1.0,0.0,0.0
plta_redelong,PLTA Redelong,2026-07-20,11.17.05.2002,Bale Redelong,outlet_reference,yes,4.748139,96.977344,Asia/Jakarta,Forecast Redelong representative point. BMKG ADM4 reference: 11.17.05.2002 (Bale Redelong). Initial BMKG reference for Forecast Redelong Spatial role: outlet_reference. Titik referensi PLTA; tidak diberi bobot luas.,19:00,7,6.912,cukup,"BMKG,CMA,ECMWF,GFS,ICON,METEOFRANCE,UKMO",Hujan Ringan,86.7,Tinggi,20.27,+/-1.62,96.89,+/-2.02,0.56,+/-0.46,20.27,+/-1.62,0.0,13.2,14.5,57.9,14.5,0.0,1.62,2.02,0.46,1.62,7,1.0,8.57,60.0
plta_redelong,PLTA Redelong,2026-07-20,11.17.05.2002,Bale Redelong,outlet_reference,yes,4.748139,96.977344,Asia/Jakarta,Forecast Redelong representative point. BMKG ADM4 reference: 11.17.05.2002 (Bale Redelong). Initial BMKG reference for Forecast Redelong Spatial role: outlet_reference. Titik referensi PLTA; tidak diberi bobot luas.,20:00,7,6.912,cukup,"BMKG,CMA,ECMWF,GFS,ICON,METEOFRANCE,UKMO",Berawan,87.0,Tinggi,20.25,+/-1.53,96.92,+/-2.71,0.03,+/-0.04,20.25,+/-1.53,0.0,13.2,57.9,14.5,0.0,14.5,1.53,2.71,0.04,1.53,7,1.0,8.57,60.0
plta_redelong,PLTA Redelong,2026-07-20,11.17.05.2002,Bale Redelong,outlet_reference,yes,4.748139,96.977344,Asia/Jakarta,Forecast Redelong representative point. BMKG ADM4 reference: 11.17.05.2002 (Bale Redelong). Initial BMKG reference for Forecast Redelong Spatial role: outlet_reference. Titik referensi PLTA; tidak diberi bobot luas.,21:00,7,7.216,cukup,"BMKG,CMA,ECMWF,GFS,ICON,METEOFRANCE,UKMO",Berawan,84.2,Tinggi,19.4,+/-0.88,96.71,+/-2.83,0.08,+/-0.1,19.4,+/-0.88,0.0,16.9,41.6,27.7,0.0,13.9,0.88,2.83,0.1,0.88,7,1.0,0.0,0.0
plta_redelong,PLTA Redelong,2026-07-20,11.17.05.2002,Bale Redelong,outlet_reference,yes,4.748139,96.977344,Asia/Jakarta,Forecast Redelong representative point. BMKG ADM4 reference: 11.17.05.2002 (Bale Redelong). Initial BMKG reference for Forecast Redelong Spatial role: outlet_reference. Titik referensi PLTA; tidak diberi bobot luas.,22:00,7,6.912,cukup,"BMKG,CMA,ECMWF,GFS,ICON,METEOFRANCE,UKMO",Berawan,90.1,Tinggi,18.84,+/-1.1,96.63,+/-2.84,0.43,+/-0.97,18.84,+/-1.1,0.0,13.2,72.3,0.0,14.5,0.0,1.1,2.84,0.97,1.1,7,1.0,8.57,60.0
plta_redelong,PLTA Redelong,2026-07-20,11.17.05.2002,Bale Redelong,outlet_reference,yes,4.748139,96.977344,Asia/Jakarta,Forecast Redelong representative point. BMKG ADM4 reference: 11.17.05.2002 (Bale Redelong). Initial BMKG reference for Forecast Redelong Spatial role: outlet_reference. Titik referensi PLTA; tidak diberi bobot luas.,23:00,7,6.6688,cukup,"BMKG,CMA,ECMWF,GFS,ICON,METEOFRANCE,UKMO",Berawan,90.4,Tinggi,19.2,+/-1.62,96.35,+/-2.71,0.02,+/-0.04,19.2,+/-1.62,0.0,10.0,75.0,15.0,0.0,0.0,1.62,2.71,0.04,1.62,7,1.0,17.14,120.0
plta_redelong,PLTA Redelong,2026-07-21,11.17.05.2002,Bale Redelong,outlet_reference,yes,4.748139,96.977344,Asia/Jakarta,Forecast Redelong representative point. BMKG ADM4 reference: 11.17.05.2002 (Bale Redelong). Initial BMKG reference for Forecast Redelong Spatial role: outlet_reference. Titik referensi PLTA; tidak diberi bobot luas.,00:00,7,7.2274,cukup,"BMKG,CMA,ECMWF,GFS,ICON,METEOFRANCE,UKMO",Berawan,90.8,Tinggi,18.6,+/-1.89,96.21,+/-2.43,0.0,+/-0.0,18.6,+/-1.89,0.0,30.8,69.2,0.0,0.0,0.0,1.89,2.43,0.0,1.89,7,1.0,0.0,0.0
plta_redelong,PLTA Redelong,2026-07-21,11.17.05.2002,Bale Redelong,outlet_reference,yes,4.748139,96.977344,Asia/Jakarta,Forecast Redelong representative point. BMKG ADM4 reference: 11.17.05.2002 (Bale Redelong). Initial BMKG reference for Forecast Redelong Spatial role: outlet_reference. Titik referensi PLTA; tidak diberi bobot luas.,01:00,7,6.9205,cukup,"BMKG,CMA,ECMWF,GFS,ICON,METEOFRANCE,UKMO",Berawan,86.9,Tinggi,18.49,+/-1.83,95.73,+/-2.67,0.0,+/-0.0,18.49,+/-1.83,0.0,42.2,57.8,0.0,0.0,0.0,1.83,2.67,0.0,1.83,7,1.0,8.57,60.0
plta_redelong,PLTA Redelong,2026-07-21,11.17.05.2002,Bale Redelong,outlet_reference,yes,4.748139,96.977344,Asia/Jakarta,Forecast Redelong representative point. BMKG ADM4 reference: 11.17.05.2002 (Bale Redelong). Initial BMKG reference for Forecast Redelong Spatial role: outlet_reference. Titik referensi PLTA; tidak diberi bobot luas.,02:00,7,6.9205,cukup,"BMKG,CMA,ECMWF,GFS,ICON,METEOFRANCE,UKMO",Cerah Berawan,86.6,Tinggi,18.33,+/-1.82,95.72,+/-2.72,0.0,+/-0.0,18.33,+/-1.82,0.0,56.7,43.3,0.0,0.0,0.0,1.82,2.72,0.0,1.82,7,1.0,8.57,60.0
plta_redelong,PLTA Redelong,2026-07-21,11.17.05.2002,Bale Redelong,outlet_reference,yes,4.748139,96.977344,Asia/Jakarta,Forecast Redelong representative point. BMKG ADM4 reference: 11.17.05.2002 (Bale Redelong). Initial BMKG reference for Forecast Redelong Spatial role: outlet_reference. Titik referensi PLTA; tidak diberi bobot luas.,03:00,7,7.2274,cukup,"BMKG,CMA,ECMWF,GFS,ICON,METEOFRANCE,UKMO",Berawan,87.3,Tinggi,18.12,+/-1.79,95.42,+/-2.46,0.0,+/-0.0,18.12,+/-1.79,0.0,44.7,55.3,0.0,0.0,0.0,1.79,2.46,0.0,1.79,7,1.0,0.0,0.0
plta_redelong,PLTA Redelong,2026-07-21,11.17.05.2002,Bale Redelong,outlet_reference,yes,4.748139,96.977344,Asia/Jakarta,Forecast Redelong representative point. BMKG ADM4 reference: 11.17.05.2002 (Bale Redelong). Initial BMKG reference for Forecast Redelong Spatial role: outlet_reference. Titik referensi PLTA; tidak diberi bobot luas.,04:00,7,6.9205,cukup,"BMKG,CMA,ECMWF,GFS,ICON,METEOFRANCE,UKMO",Cerah Berawan,87.0,Tinggi,17.54,+/-1.0,95.84,+/-2.13,0.0,+/-0.0,17.54,+/-1.0,0.0,56.7,43.3,0.0,0.0,0.0,1.0,2.13,0.0,1.0,7,1.0,8.57,60.0
plta_redelong,PLTA Redelong,2026-07-21,11.17.05.2002,Bale Redelong,outlet_reference,yes,4.748139,96.977344,Asia/Jakarta,Forecast Redelong representative point. BMKG ADM4 reference: 11.17.05.2002 (Bale Redelong). Initial BMKG reference for Forecast Redelong Spatial role: outlet_reference. Titik referensi PLTA; tidak diberi bobot luas.,05:00,7,6.9205,cukup,"BMKG,CMA,ECMWF,GFS,ICON,METEOFRANCE,UKMO",Cerah Berawan,87.0,Tinggi,17.52,+/-0.97,94.61,+/-3.1,0.0,+/-0.0,17.52,+/-0.97,0.0,56.7,43.3,0.0,0.0,0.0,0.97,3.1,0.0,0.97,7,1.0,8.57,60.0
plta_redelong,PLTA Redelong,2026-07-21,11.17.05.2002,Bale Redelong,outlet_reference,yes,4.748139,96.977344,Asia/Jakarta,Forecast Redelong representative point. BMKG ADM4 reference: 11.17.05.2002 (Bale Redelong). Initial BMKG reference for Forecast Redelong Spatial role: outlet_reference. Titik referensi PLTA; tidak diberi bobot luas.,06:00,7,7.2274,cukup,"BMKG,CMA,ECMWF,GFS,ICON,METEOFRANCE,UKMO",Berawan,87.4,Tinggi,18.06,+/-1.67,94.32,+/-2.98,0.0,+/-0.0,18.06,+/-1.67,0.0,44.7,55.3,0.0,0.0,0.0,1.67,2.98,0.0,1.67,7,1.0,0.0,0.0
plta_redelong,PLTA Redelong,2026-07-21,11.17.05.2002,Bale Redelong,outlet_reference,yes,4.748139,96.977344,Asia/Jakarta,Forecast Redelong representative point. BMKG ADM4 reference: 11.17.05.2002 (Bale Redelong). Initial BMKG reference for Forecast Redelong Spatial role: outlet_reference. Titik referensi PLTA; tidak diberi bobot luas.,07:00,7,6.9205,cukup,"BMKG,CMA,ECMWF,GFS,ICON,METEOFRANCE,UKMO",Berawan,87.0,Tinggi,18.47,+/-1.56,93.46,+/-3.16,0.0,+/-0.0,18.47,+/-1.56,0.0,42.2,57.8,0.0,0.0,0.0,1.56,3.16,0.0,1.56,7,1.0,8.57,60.0
plta_redelong,PLTA Redelong,2026-07-21,11.17.05.2002,Bale Redelong,outlet_reference,yes,4.748139,96.977344,Asia/Jakarta,Forecast Redelong representative point. BMKG ADM4 reference: 11.17.05.2002 (Bale Redelong). Initial BMKG reference for Forecast Redelong Spatial role: outlet_reference. Titik referensi PLTA; tidak diberi bobot luas.,08:00,7,6.9205,cukup,"BMKG,CMA,ECMWF,GFS,ICON,METEOFRANCE,UKMO",Cerah Berawan,86.7,Tinggi,20.83,+/-0.94,86.13,+/-6.95,0.0,+/-0.0,20.83,+/-0.94,14.4,56.7,28.9,0.0,0.0,0.0,0.94,6.95,0.0,0.94,7,1.0,8.57,60.0
plta_redelong,PLTA Redelong,2026-07-21,11.17.05.2002,Bale Redelong,outlet_reference,yes,4.748139,96.977344,Asia/Jakarta,Forecast Redelong representative point. BMKG ADM4 reference: 11.17.05.2002 (Bale Redelong). Initial BMKG reference for Forecast Redelong Spatial role: outlet_reference. Titik referensi PLTA; tidak diberi bobot luas.,09:00,7,7.2274,cukup,"BMKG,CMA,ECMWF,GFS,ICON,METEOFRANCE,UKMO",Cerah Berawan,91.8,Tinggi,22.06,+/-0.63,79.01,+/-7.45,0.0,+/-0.0,22.06,+/-0.63,0.0,72.3,27.7,0.0,0.0,0.0,0.63,7.45,0.0,0.63,7,1.0,0.0,0.0
plta_redelong,PLTA Redelong,2026-07-21,11.17.05.2002,Bale Redelong,outlet_reference,yes,4.748139,96.977344,Asia/Jakarta,Forecast Redelong representative point. BMKG ADM4 reference: 11.17.05.2002 (Bale Redelong). Initial BMKG reference for Forecast Redelong Spatial role: outlet_reference. Titik referensi PLTA; tidak diberi bobot luas.,10:00,7,6.9205,cukup,"BMKG,CMA,ECMWF,GFS,ICON,METEOFRANCE,UKMO",Cerah Berawan,86.5,Tinggi,23.66,+/-1.36,72.98,+/-7.52,0.0,+/-0.0,23.66,+/-1.36,0.0,56.7,43.3,0.0,0.0,0.0,1.36,7.52,0.0,1.36,7,1.0,8.57,60.0
plta_redelong,PLTA Redelong,2026-07-21,11.17.05.2002,Bale Redelong,outlet_reference,yes,4.748139,96.977344,Asia/Jakarta,Forecast Redelong representative point. BMKG ADM4 reference: 11.17.05.2002 (Bale Redelong). Initial BMKG reference for Forecast Redelong Spatial role: outlet_reference. Titik referensi PLTA; tidak diberi bobot luas.,11:00,7,6.9205,cukup,"BMKG,CMA,ECMWF,GFS,ICON,METEOFRANCE,UKMO",Hujan Ringan,90.2,Tinggi,24.55,+/-0.86,70.87,+/-9.71,0.47,+/-0.39,24.55,+/-0.86,13.3,0.0,14.4,72.2,0.0,0.0,0.86,9.71,0.39,0.86,7,1.0,8.57,60.0
plta_redelong,PLTA Redelong,2026-07-21,11.17.05.2002,Bale Redelong,outlet_reference,yes,4.748139,96.977344,Asia/Jakarta,Forecast Redelong representative point. BMKG ADM4 reference: 11.17.05.2002 (Bale Redelong). Initial BMKG reference for Forecast Redelong Spatial role: outlet_reference. Titik referensi PLTA; tidak diberi bobot luas.,12:00,7,7.2274,cukup,"BMKG,CMA,ECMWF,GFS,ICON,METEOFRANCE,UKMO",Hujan Ringan,86.7,Tinggi,24.4,+/-0.95,73.88,+/-10.64,0.72,+/-0.53,24.4,+/-0.95,17.0,0.0,13.8,55.3,0.0,13.8,0.95,10.64,0.53,0.95,7,1.0,0.0,0.0
plta_redelong,PLTA Redelong,2026-07-21,11.17.05.2002,Bale Redelong,outlet_reference,yes,4.748139,96.977344,Asia/Jakarta,Forecast Redelong representative point. BMKG ADM4 reference: 11.17.05.2002 (Bale Redelong). Initial BMKG reference for Forecast Redelong Spatial role: outlet_reference. Titik referensi PLTA; tidak diberi bobot luas.,13:00,7,6.9205,cukup,"BMKG,CMA,ECMWF,GFS,ICON,METEOFRANCE,UKMO",Hujan Ringan,89.9,Tinggi,24.03,+/-1.01,79.4,+/-10.81,0.92,+/-0.58,24.03,+/-1.01,13.3,0.0,0.0,72.2,0.0,14.4,1.01,10.81,0.58,1.01,7,1.0,8.57,60.0
plta_redelong,PLTA Redelong,2026-07-21,11.17.05.2002,Bale Redelong,outlet_reference,yes,4.748139,96.977344,Asia/Jakarta,Forecast Redelong representative point. BMKG ADM4 reference: 11.17.05.2002 (Bale Redelong). Initial BMKG reference for Forecast Redelong Spatial role: outlet_reference. Titik referensi PLTA; tidak diberi bobot luas.,14:00,7,6.9205,cukup,"BMKG,CMA,ECMWF,GFS,ICON,METEOFRANCE,UKMO",Hujan Ringan,86.0,Tinggi,23.53,+/-1.01,82.77,+/-8.91,2.1,+/-1.15,23.53,+/-1.01,0.0,13.3,0.0,57.8,14.4,14.4,1.01,8.91,1.15,1.01,7,1.0,8.57,60.0
plta_redelong,PLTA Redelong,2026-07-21,11.17.05.2002,Bale Redelong,outlet_reference,yes,4.748139,96.977344,Asia/Jakarta,Forecast Redelong representative point. BMKG ADM4 reference: 11.17.05.2002 (Bale Redelong). Initial BMKG reference for Forecast Redelong Spatial role: outlet_reference. Titik referensi PLTA; tidak diberi bobot luas.,15:00,7,7.2274,cukup,"BMKG,CMA,ECMWF,GFS,ICON,METEOFRANCE,UKMO",Hujan Ringan,86.3,Tinggi,22.67,+/-0.4,84.92,+/-10.08,2.43,+/-1.56,22.67,+/-0.4,0.0,17.0,0.0,55.3,13.8,13.8,0.4,10.08,1.56,0.4,7,1.0,0.0,0.0
plta_redelong,PLTA Redelong,2026-07-21,11.17.05.2002,Bale Redelong,outlet_reference,yes,4.748139,96.977344,Asia/Jakarta,Forecast Redelong representative point. BMKG ADM4 reference: 11.17.05.2002 (Bale Redelong). Initial BMKG reference for Forecast Redelong Spatial role: outlet_reference. Titik referensi PLTA; tidak diberi bobot luas.,16:00,7,6.9205,cukup,"BMKG,CMA,ECMWF,GFS,ICON,METEOFRANCE,UKMO",Hujan Ringan,86.6,Tinggi,22.29,+/-0.29,91.17,+/-4.74,2.25,+/-1.14,22.29,+/-0.29,0.0,13.3,0.0,57.8,14.4,14.4,0.29,4.74,1.14,0.29,7,1.0,8.57,60.0
plta_redelong,PLTA Redelong,2026-07-21,11.17.05.2002,Bale Redelong,outlet_reference,yes,4.748139,96.977344,Asia/Jakarta,Forecast Redelong representative point. BMKG ADM4 reference: 11.17.05.2002 (Bale Redelong). Initial BMKG reference for Forecast Redelong Spatial role: outlet_reference. Titik referensi PLTA; tidak diberi bobot luas.,17:00,7,6.9205,cukup,"BMKG,CMA,ECMWF,GFS,ICON,METEOFRANCE,UKMO",Hujan Ringan,90.5,Tinggi,21.84,+/-0.37,93.02,+/-3.56,1.27,+/-0.82,21.84,+/-0.37,13.3,0.0,0.0,72.2,0.0,14.4,0.37,3.56,0.82,0.37,7,1.0,8.57,60.0
plta_redelong,PLTA Redelong,2026-07-21,11.17.05.2002,Bale Redelong,outlet_reference,yes,4.748139,96.977344,Asia/Jakarta,Forecast Redelong representative point. BMKG ADM4 reference: 11.17.05.2002 (Bale Redelong). Initial BMKG reference for Forecast Redelong Spatial role: outlet_reference. Titik referensi PLTA; tidak diberi bobot luas.,18:00,7,7.2274,cukup,"BMKG,CMA,ECMWF,GFS,ICON,METEOFRANCE,UKMO",Hujan Ringan,94.7,Tinggi,21.2,+/-0.23,94.87,+/-2.56,0.92,+/-0.5,21.2,+/-0.23,17.0,0.0,0.0,83.0,0.0,0.0,0.23,2.56,0.5,0.23,7,1.0,0.0,0.0
plta_redelong,PLTA Redelong,2026-07-21,11.17.05.2002,Bale Redelong,outlet_reference,yes,4.748139,96.977344,Asia/Jakarta,Forecast Redelong representative point. BMKG ADM4 reference: 11.17.05.2002 (Bale Redelong). Initial BMKG reference for Forecast Redelong Spatial role: outlet_reference. Titik referensi PLTA; tidak diberi bobot luas.,19:00,7,6.9205,cukup,"BMKG,CMA,ECMWF,GFS,ICON,METEOFRANCE,UKMO",Hujan Ringan,90.5,Tinggi,20.63,+/-1.34,97.17,+/-1.07,0.67,+/-0.46,20.63,+/-1.34,13.3,0.0,14.4,72.2,0.0,0.0,1.34,1.07,0.46,1.34,7,1.0,8.57,60.0
plta_redelong,PLTA Redelong,2026-07-21,11.17.05.2002,Bale Redelong,outlet_reference,yes,4.748139,96.977344,Asia/Jakarta,Forecast Redelong representative point. BMKG ADM4 reference: 11.17.05.2002 (Bale Redelong). Initial BMKG reference for Forecast Redelong Spatial role: outlet_reference. Titik referensi PLTA; tidak diberi bobot luas.,20:00,7,6.9205,cukup,"BMKG,CMA,ECMWF,GFS,ICON,METEOFRANCE,UKMO",Hujan Ringan,83.4,Tinggi,19.88,+/-1.69,98.0,+/-1.42,0.06,+/-0.08,19.88,+/-1.69,13.3,14.4,28.9,43.3,0.0,0.0,1.69,1.42,0.08,1.69,7,1.0,8.57,60.0
plta_redelong,PLTA Redelong,2026-07-21,11.17.05.2002,Bale Redelong,outlet_reference,yes,4.748139,96.977344,Asia/Jakarta,Forecast Redelong representative point. BMKG ADM4 reference: 11.17.05.2002 (Bale Redelong). Initial BMKG reference for Forecast Redelong Spatial role: outlet_reference. Titik referensi PLTA; tidak diberi bobot luas.,21:00,7,7.2274,cukup,"BMKG,CMA,ECMWF,GFS,ICON,METEOFRANCE,UKMO",Hujan Ringan,84.0,Tinggi,19.45,+/-1.64,97.31,+/-1.56,0.06,+/-0.08,19.45,+/-1.64,17.0,13.8,27.7,41.5,0.0,0.0,1.64,1.56,0.08,1.64,7,1.0,0.0,0.0
plta_redelong,PLTA Redelong,2026-07-21,11.17.05.2002,Bale Redelong,outlet_reference,yes,4.748139,96.977344,Asia/Jakarta,Forecast Redelong representative point. BMKG ADM4 reference: 11.17.05.2002 (Bale Redelong). Initial BMKG reference for Forecast Redelong Spatial role: outlet_reference. Titik referensi PLTA; tidak diberi bobot luas.,22:00,7,6.9205,cukup,"BMKG,CMA,ECMWF,GFS,ICON,METEOFRANCE,UKMO",Hujan Ringan,83.4,Tinggi,19.24,+/-1.54,96.84,+/-1.89,0.06,+/-0.08,19.24,+/-1.54,27.8,0.0,28.9,43.3,0.0,0.0,1.54,1.89,0.08,1.54,7,1.0,8.57,60.0
plta_redelong,PLTA Redelong,2026-07-21,11.17.05.2002,Bale Redelong,outlet_reference,yes,4.748139,96.977344,Asia/Jakarta,Forecast Redelong representative point. BMKG ADM4 reference: 11.17.05.2002 (Bale Redelong). Initial BMKG reference for Forecast Redelong Spatial role: outlet_reference. Titik referensi PLTA; tidak diberi bobot luas.,23:00,7,6.6751,cukup,"BMKG,CMA,ECMWF,GFS,ICON,METEOFRANCE,UKMO",Cerah Berawan,78.7,Sedang,19.07,+/-1.41,96.35,+/-2.08,0.48,+/-0.91,19.07,+/-1.41,25.1,30.0,15.0,15.0,15.0,0.0,1.41,2.08,0.91,1.41,7,1.0,17.14,120.0
plta_redelong,PLTA Redelong,2026-07-22,11.17.05.2002,Bale Redelong,outlet_reference,yes,4.748139,96.977344,Asia/Jakarta,Forecast Redelong representative point. BMKG ADM4 reference: 11.17.05.2002 (Bale Redelong). Initial BMKG reference for Forecast Redelong Spatial role: outlet_reference. Titik referensi PLTA; tidak diberi bobot luas.,00:00,6,6.0,cukup,"CMA,ECMWF,GFS,ICON,METEOFRANCE,UKMO",Berawan,73.1,Sedang,18.68,+/-0.58,95.5,+/-2.29,0.15,+/-0.21,18.68,+/-0.58,16.7,16.7,33.3,33.3,0.0,0.0,0.58,2.29,0.21,0.58,7,0.8571,0.0,0.0
plta_redelong,PLTA Redelong,2026-07-22,11.17.05.2002,Bale Redelong,outlet_reference,yes,4.748139,96.977344,Asia/Jakarta,Forecast Redelong representative point. BMKG ADM4 reference: 11.17.05.2002 (Bale Redelong). Initial BMKG reference for Forecast Redelong Spatial role: outlet_reference. Titik referensi PLTA; tidak diberi bobot luas.,01:00,6,6.0,cukup,"CMA,ECMWF,GFS,ICON,METEOFRANCE,UKMO",Berawan,72.9,Sedang,18.93,+/-1.08,95.83,+/-1.86,0.1,+/-0.15,18.93,+/-1.08,0.0,33.3,33.3,33.3,0.0,0.0,1.08,1.86,0.15,1.08,7,0.8571,0.0,0.0
plta_redelong,PLTA Redelong,2026-07-22,11.17.05.2002,Bale Redelong,outlet_reference,yes,4.748139,96.977344,Asia/Jakarta,Forecast Redelong representative point. BMKG ADM4 reference: 11.17.05.2002 (Bale Redelong). Initial BMKG reference for Forecast Redelong Spatial role: outlet_reference. Titik referensi PLTA; tidak diberi bobot luas.,02:00,6,6.0,cukup,"CMA,ECMWF,GFS,ICON,METEOFRANCE,UKMO",Cerah Berawan,77.2,Sedang,18.67,+/-1.08,96.0,+/-1.73,0.02,+/-0.04,18.67,+/-1.08,0.0,50.0,33.3,16.7,0.0,0.0,1.08,1.73,0.04,1.08,7,0.8571,0.0,0.0
plta_redelong,PLTA Redelong,2026-07-22,11.17.05.2002,Bale Redelong,outlet_reference,yes,4.748139,96.977344,Asia/Jakarta,Forecast Redelong representative point. BMKG ADM4 reference: 11.17.05.2002 (Bale Redelong). Initial BMKG reference for Forecast Redelong Spatial role: outlet_reference. Titik referensi PLTA; tidak diberi bobot luas.,03:00,6,6.0,cukup,"CMA,ECMWF,GFS,ICON,METEOFRANCE,UKMO",Cerah Berawan,77.2,Sedang,18.45,+/-1.12,96.17,+/-1.34,0.02,+/-0.04,18.45,+/-1.12,0.0,50.0,33.3,16.7,0.0,0.0,1.12,1.34,0.04,1.12,7,0.8571,0.0,0.0
plta_redelong,PLTA Redelong,2026-07-22,11.17.05.2002,Bale Redelong,outlet_reference,yes,4.748139,96.977344,Asia/Jakarta,Forecast Redelong representative point. BMKG ADM4 reference: 11.17.05.2002 (Bale Redelong). Initial BMKG reference for Forecast Redelong Spatial role: outlet_reference. Titik referensi PLTA; tidak diberi bobot luas.,04:00,6,6.0,cukup,"CMA,ECMWF,GFS,ICON,METEOFRANCE,UKMO",Berawan,81.4,Tinggi,18.27,+/-1.16,96.33,+/-1.37,0.02,+/-0.04,18.27,+/-1.16,0.0,16.7,66.7,16.7,0.0,0.0,1.16,1.37,0.04,1.16,7,0.8571,0.0,0.0
plta_redelong,PLTA Redelong,2026-07-22,11.17.05.2002,Bale Redelong,outlet_reference,yes,4.748139,96.977344,Asia/Jakarta,Forecast Redelong representative point. BMKG ADM4 reference: 11.17.05.2002 (Bale Redelong). Initial BMKG reference for Forecast Redelong Spatial role: outlet_reference. Titik referensi PLTA; tidak diberi bobot luas.,05:00,6,6.0,cukup,"CMA,ECMWF,GFS,ICON,METEOFRANCE,UKMO",Cerah Berawan,77.1,Sedang,18.12,+/-1.24,96.5,+/-2.29,0.0,+/-0.0,18.12,+/-1.24,16.7,50.0,33.3,0.0,0.0,0.0,1.24,2.29,0.0,1.24,7,0.8571,0.0,0.0
plta_redelong,PLTA Redelong,2026-07-22,11.17.05.2002,Bale Redelong,outlet_reference,yes,4.748139,96.977344,Asia/Jakarta,Forecast Redelong representative point. BMKG ADM4 reference: 11.17.05.2002 (Bale Redelong). Initial BMKG reference for Forecast Redelong Spatial role: outlet_reference. Titik referensi PLTA; tidak diberi bobot luas.,06:00,6,6.0,cukup,"CMA,ECMWF,GFS,ICON,METEOFRANCE,UKMO",Cerah Berawan,77.0,Sedang,18.03,+/-1.4,96.33,+/-3.04,0.0,+/-0.0,18.03,+/-1.4,16.7,50.0,33.3,0.0,0.0,0.0,1.4,3.04,0.0,1.4,7,0.8571,0.0,0.0
plta_redelong,PLTA Redelong,2026-07-22,11.17.05.2002,Bale Redelong,outlet_reference,yes,4.748139,96.977344,Asia/Jakarta,Forecast Redelong representative point. BMKG ADM4 reference: 11.17.05.2002 (Bale Redelong). Initial BMKG reference for Forecast Redelong Spatial role: outlet_reference. Titik referensi PLTA; tidak diberi bobot luas.,07:00,6,6.0,cukup,"CMA,ECMWF,GFS,ICON,METEOFRANCE,UKMO",Cerah Berawan,76.9,Sedang,18.55,+/-1.42,94.17,+/-3.62,0.0,+/-0.0,18.55,+/-1.42,16.7,50.0,33.3,0.0,0.0,0.0,1.42,3.62,0.0,1.42,7,0.8571,0.0,0.0
plta_redelong,PLTA Redelong,2026-07-22,11.17.05.2002,Bale Redelong,outlet_reference,yes,4.748139,96.977344,Asia/Jakarta,Forecast Redelong representative point. BMKG ADM4 reference: 11.17.05.2002 (Bale Redelong). Initial BMKG reference for Forecast Redelong Spatial role: outlet_reference. Titik referensi PLTA; tidak diberi bobot luas.,08:00,6,6.0,cukup,"CMA,ECMWF,GFS,ICON,METEOFRANCE,UKMO",Cerah Berawan,77.0,Sedang,20.52,+/-1.28,88.17,+/-3.39,0.0,+/-0.0,20.52,+/-1.28,16.7,50.0,33.3,0.0,0.0,0.0,1.28,3.39,0.0,1.28,7,0.8571,0.0,0.0
plta_redelong,PLTA Redelong,2026-07-22,11.17.05.2002,Bale Redelong,outlet_reference,yes,4.748139,96.977344,Asia/Jakarta,Forecast Redelong representative point. BMKG ADM4 reference: 11.17.05.2002 (Bale Redelong). Initial BMKG reference for Forecast Redelong Spatial role: outlet_reference. Titik referensi PLTA; tidak diberi bobot luas.,09:00,6,6.0,cukup,"CMA,ECMWF,GFS,ICON,METEOFRANCE,UKMO",Cerah Berawan,77.4,Sedang,22.87,+/-0.97,77.75,+/-0.43,0.0,+/-0.0,22.87,+/-0.97,33.3,50.0,16.7,0.0,0.0,0.0,0.97,0.43,0.0,0.97,7,0.8571,0.0,0.0
plta_redelong,PLTA Redelong,2026-07-22,11.17.05.2002,Bale Redelong,outlet_reference,yes,4.748139,96.977344,Asia/Jakarta,Forecast Redelong representative point. BMKG ADM4 reference: 11.17.05.2002 (Bale Redelong). Initial BMKG reference for Forecast Redelong Spatial role: outlet_reference. Titik referensi PLTA; tidak diberi bobot luas.,10:00,6,6.0,cukup,"CMA,ECMWF,GFS,ICON,METEOFRANCE,UKMO",Cerah Berawan,76.9,Sedang,24.6,+/-0.91,71.5,+/-7.83,0.0,+/-0.0,24.6,+/-0.91,16.7,50.0,33.3,0.0,0.0,0.0,0.91,7.83,0.0,0.91,7,0.8571,0.0,0.0
plta_redelong,PLTA Redelong,2026-07-22,11.17.05.2002,Bale Redelong,outlet_reference,yes,4.748139,96.977344,Asia/Jakarta,Forecast Redelong representative point. BMKG ADM4 reference: 11.17.05.2002 (Bale Redelong). Initial BMKG reference for Forecast Redelong Spatial role: outlet_reference. Titik referensi PLTA; tidak diberi bobot luas.,11:00,6,6.0,cukup,"CMA,ECMWF,GFS,ICON,METEOFRANCE,UKMO",Hujan Ringan,72.3,Sedang,25.42,+/-0.88,69.5,+/-8.69,0.35,+/-0.52,25.42,+/-0.88,0.0,33.3,33.3,33.3,0.0,0.0,0.88,8.69,0.52,0.88,7,0.8571,0.0,0.0
plta_redelong,PLTA Redelong,2026-07-22,11.17.05.2002,Bale Redelong,outlet_reference,yes,4.748139,96.977344,Asia/Jakarta,Forecast Redelong representative point. BMKG ADM4 reference: 11.17.05.2002 (Bale Redelong). Initial BMKG reference for Forecast Redelong Spatial role: outlet_reference. Titik referensi PLTA; tidak diberi bobot luas.,12:00,6,6.0,cukup,"CMA,ECMWF,GFS,ICON,METEOFRANCE,UKMO",Hujan Ringan,76.1,Sedang,25.45,+/-1.2,72.0,+/-11.55,0.45,+/-0.5,25.58,+/-1.42,0.0,16.7,33.3,50.0,0.0,0.0,1.2,11.55,0.5,1.42,7,0.8571,0.0,0.0
plta_redelong,PLTA Redelong,2026-07-22,11.17.05.2002,Bale Redelong,outlet_reference,yes,4.748139,96.977344,Asia/Jakarta,Forecast Redelong representative point. BMKG ADM4 reference: 11.17.05.2002 (Bale Redelong). Initial BMKG reference for Forecast Redelong Spatial role: outlet_reference. Titik referensi PLTA; tidak diberi bobot luas.,13:00,6,6.0,cukup,"CMA,ECMWF,GFS,ICON,METEOFRANCE,UKMO",Hujan Ringan,79.9,Sedang,25.12,+/-1.53,76.83,+/-14.28,0.65,+/-0.5,25.24,+/-1.73,0.0,0.0,33.3,66.7,0.0,0.0,1.53,14.28,0.5,1.73,7,0.8571,0.0,0.0
plta_redelong,PLTA Redelong,2026-07-22,11.17.05.2002,Bale Redelong,outlet_reference,yes,4.748139,96.977344,Asia/Jakarta,Forecast Redelong representative point. BMKG ADM4 reference: 11.17.05.2002 (Bale Redelong). Initial BMKG reference for Forecast Redelong Spatial role: outlet_reference. Titik referensi PLTA; tidak diberi bobot luas.,14:00,6,6.0,cukup,"CMA,ECMWF,GFS,ICON,METEOFRANCE,UKMO",Hujan Ringan,75.3,Sedang,24.83,+/-1.36,78.67,+/-13.68,1.53,+/-1.23,24.99,+/-1.6,0.0,0.0,0.0,50.0,16.7,33.3,1.36,13.68,1.23,1.6,7,0.8571,0.0,0.0
plta_redelong,PLTA Redelong,2026-07-22,11.17.05.2002,Bale Redelong,outlet_reference,yes,4.748139,96.977344,Asia/Jakarta,Forecast Redelong representative point. BMKG ADM4 reference: 11.17.05.2002 (Bale Redelong). Initial BMKG reference for Forecast Redelong Spatial role: outlet_reference. Titik referensi PLTA; tidak diberi bobot luas.,15:00,6,6.0,cukup,"CMA,ECMWF,GFS,ICON,METEOFRANCE,UKMO",Hujan Ringan,75.6,Sedang,24.2,+/-1.06,81.33,+/-11.5,1.52,+/-1.24,24.2,+/-1.06,0.0,0.0,0.0,50.0,33.3,16.7,1.06,11.5,1.24,1.06,7,0.8571,0.0,0.0
plta_redelong,PLTA Redelong,2026-07-22,11.17.05.2002,Bale Redelong,outlet_reference,yes,4.748139,96.977344,Asia/Jakarta,Forecast Redelong representative point. BMKG ADM4 reference: 11.17.05.2002 (Bale Redelong). Initial BMKG reference for Forecast Redelong Spatial role: outlet_reference. Titik referensi PLTA; tidak diberi bobot luas.,16:00,6,6.0,cukup,"CMA,ECMWF,GFS,ICON,METEOFRANCE,UKMO",Hujan Ringan,75.9,Sedang,23.45,+/-0.97,85.83,+/-9.15,1.62,+/-1.18,23.45,+/-0.97,0.0,0.0,0.0,50.0,33.3,16.7,0.97,9.15,1.18,0.97,7,0.8571,0.0,0.0
plta_redelong,PLTA Redelong,2026-07-22,11.17.05.2002,Bale Redelong,outlet_reference,yes,4.748139,96.977344,Asia/Jakarta,Forecast Redelong representative point. BMKG ADM4 reference: 11.17.05.2002 (Bale Redelong). Initial BMKG reference for Forecast Redelong Spatial role: outlet_reference. Titik referensi PLTA; tidak diberi bobot luas.,17:00,6,6.0,cukup,"CMA,ECMWF,GFS,ICON,METEOFRANCE,UKMO",Hujan Ringan,80.9,Tinggi,22.63,+/-0.97,89.67,+/-6.9,0.4,+/-0.17,22.63,+/-0.97,0.0,0.0,16.7,66.7,16.7,0.0,0.97,6.9,0.17,0.97,7,0.8571,0.0,0.0
plta_redelong,PLTA Redelong,2026-07-22,11.17.05.2002,Bale Redelong,outlet_reference,yes,4.748139,96.977344,Asia/Jakarta,Forecast Redelong representative point. BMKG ADM4 reference: 11.17.05.2002 (Bale Redelong). Initial BMKG reference for Forecast Redelong Spatial role: outlet_reference. Titik referensi PLTA; tidak diberi bobot luas.,18:00,6,6.0,cukup,"CMA,ECMWF,GFS,ICON,METEOFRANCE,UKMO",Hujan Ringan,80.8,Tinggi,21.85,+/-1.07,92.67,+/-4.61,0.62,+/-0.47,21.85,+/-1.07,0.0,0.0,16.7,66.7,16.7,0.0,1.07,4.61,0.47,1.07,7,0.8571,0.0,0.0
plta_redelong,PLTA Redelong,2026-07-22,11.17.05.2002,Bale Redelong,outlet_reference,yes,4.748139,96.977344,Asia/Jakarta,Forecast Redelong representative point. BMKG ADM4 reference: 11.17.05.2002 (Bale Redelong). Initial BMKG reference for Forecast Redelong Spatial role: outlet_reference. Titik referensi PLTA; tidak diberi bobot luas.,19:00,6,6.0,cukup,"CMA,ECMWF,GFS,ICON,METEOFRANCE,UKMO",Hujan Ringan,81.2,Tinggi,21.23,+/-1.13,94.5,+/-3.69,0.47,+/-0.04,21.23,+/-1.13,0.0,0.0,16.7,66.7,16.7,0.0,1.13,3.69,0.04,1.13,7,0.8571,0.0,0.0
plta_redelong,PLTA Redelong,2026-07-22,11.17.05.2002,Bale Redelong,outlet_reference,yes,4.748139,96.977344,Asia/Jakarta,Forecast Redelong representative point. BMKG ADM4 reference: 11.17.05.2002 (Bale Redelong). Initial BMKG reference for Forecast Redelong Spatial role: outlet_reference. Titik referensi PLTA; tidak diberi bobot luas.,20:00,6,6.0,cukup,"CMA,ECMWF,GFS,ICON,METEOFRANCE,UKMO",Hujan Ringan,76.8,Sedang,20.65,+/-1.24,95.5,+/-3.25,0.22,+/-0.29,20.65,+/-1.24,0.0,33.3,16.7,50.0,0.0,0.0,1.24,3.25,0.29,1.24,7,0.8571,0.0,0.0
plta_redelong,PLTA Redelong,2026-07-22,11.17.05.2002,Bale Redelong,outlet_reference,yes,4.748139,96.977344,Asia/Jakarta,Forecast Redelong representative point. BMKG ADM4 reference: 11.17.05.2002 (Bale Redelong). Initial BMKG reference for Forecast Redelong Spatial role: outlet_reference. Titik referensi PLTA; tidak diberi bobot luas.,21:00,6,6.0,cukup,"CMA,ECMWF,GFS,ICON,METEOFRANCE,UKMO",Hujan Ringan,77.1,Sedang,20.25,+/-1.29,97.25,+/-0.43,0.16,+/-0.2,20.25,+/-1.29,0.0,33.3,16.7,50.0,0.0,0.0,1.29,0.43,0.2,1.29,7,0.8571,0.0,0.0
plta_redelong,PLTA Redelong,2026-07-22,11.17.05.2002,Bale Redelong,outlet_reference,yes,4.748139,96.977344,Asia/Jakarta,Forecast Redelong representative point. BMKG ADM4 reference: 11.17.05.2002 (Bale Redelong). Initial BMKG reference for Forecast Redelong Spatial role: outlet_reference. Titik referensi PLTA; tidak diberi bobot luas.,22:00,6,6.0,cukup,"CMA,ECMWF,GFS,ICON,METEOFRANCE,UKMO",Hujan Ringan,72.8,Sedang,19.34,+/-0.65,95.33,+/-2.92,0.28,+/-0.48,19.34,+/-0.65,0.0,33.3,33.3,33.3,0.0,0.0,0.65,2.92,0.48,0.65,7,0.8571,0.0,0.0
plta_redelong,PLTA Redelong,2026-07-22,11.17.05.2002,Bale Redelong,outlet_reference,yes,4.748139,96.977344,Asia/Jakarta,Forecast Redelong representative point. BMKG ADM4 reference: 11.17.05.2002 (Bale Redelong). Initial BMKG reference for Forecast Redelong Spatial role: outlet_reference. Titik referensi PLTA; tidak diberi bobot luas.,23:00,6,6.0,cukup,"CMA,ECMWF,GFS,ICON,METEOFRANCE,UKMO",Berawan,77.3,Sedang,18.98,+/-0.75,95.5,+/-3.3,0.0,+/-0.0,18.98,+/-0.75,16.7,33.3,50.0,0.0,0.0,0.0,0.75,3.3,0.0,0.75,7,0.8571,0.0,0.0
gpm1,GPM1,2026-07-19,11.17.05.2002,Bale Redelong,provisional_catchment,yes,4.81572033808049,96.877105410688,Asia/Jakarta,Forecast Redelong representative point. BMKG ADM4 reference: 11.17.05.2002 (Bale Redelong). Initial BMKG reference for catchment point Spatial role: provisional_catchment. Area analisis provisional; menunggu konfirmasi batas DAS resmi.,00:00,6,6.0,cukup,"CMA,ECMWF,GFS,ICON,METEOFRANCE,UKMO",Cerah Berawan,81.1,Tinggi,13.27,+/-1.16,96.5,+/-2.14,0.18,+/-0.27,13.27,+/-1.16,0.0,66.7,0.0,33.3,0.0,0.0,1.16,2.14,0.27,1.16,7,0.8571,0.0,0.0
gpm1,GPM1,2026-07-19,11.17.05.2002,Bale Redelong,provisional_catchment,yes,4.81572033808049,96.877105410688,Asia/Jakarta,Forecast Redelong representative point. BMKG ADM4 reference: 11.17.05.2002 (Bale Redelong). Initial BMKG reference for catchment point Spatial role: provisional_catchment. Area analisis provisional; menunggu konfirmasi batas DAS resmi.,01:00,6,6.0,cukup,"CMA,ECMWF,GFS,ICON,METEOFRANCE,UKMO",Berawan,77.3,Sedang,12.38,+/-0.69,95.25,+/-0.43,0.13,+/-0.26,12.38,+/-0.69,16.7,0.0,50.0,33.3,0.0,0.0,0.69,0.43,0.26,0.69,7,0.8571,0.0,0.0
gpm1,GPM1,2026-07-19,11.17.05.2002,Bale Redelong,provisional_catchment,yes,4.81572033808049,96.877105410688,Asia/Jakarta,Forecast Redelong representative point. BMKG ADM4 reference: 11.17.05.2002 (Bale Redelong). Initial BMKG reference for catchment point Spatial role: provisional_catchment. Area analisis provisional; menunggu konfirmasi batas DAS resmi.,02:00,6,6.0,cukup,"CMA,ECMWF,GFS,ICON,METEOFRANCE,UKMO",Berawan,77.3,Sedang,12.1,+/-0.66,96.83,+/-1.34,0.12,+/-0.19,12.1,+/-0.66,16.7,0.0,50.0,33.3,0.0,0.0,0.66,1.34,0.19,0.66,7,0.8571,0.0,0.0
gpm1,GPM1,2026-07-19,11.17.05.2002,Bale Redelong,provisional_catchment,yes,4.81572033808049,96.877105410688,Asia/Jakarta,Forecast Redelong representative point. BMKG ADM4 reference: 11.17.05.2002 (Bale Redelong). Initial BMKG reference for catchment point Spatial role: provisional_catchment. Area analisis provisional; menunggu konfirmasi batas DAS resmi.,03:00,6,6.0,cukup,"CMA,ECMWF,GFS,ICON,METEOFRANCE,UKMO",Berawan,77.3,Sedang,11.96,+/-0.77,96.67,+/-1.25,0.1,+/-0.15,11.96,+/-0.77,16.7,0.0,50.0,33.3,0.0,0.0,0.77,1.25,0.15,0.77,7,0.8571,0.0,0.0
gpm1,GPM1,2026-07-19,11.17.05.2002,Bale Redelong,provisional_catchment,yes,4.81572033808049,96.877105410688,Asia/Jakarta,Forecast Redelong representative point. BMKG ADM4 reference: 11.17.05.2002 (Bale Redelong). Initial BMKG reference for catchment point Spatial role: provisional_catchment. Area analisis provisional; menunggu konfirmasi batas DAS resmi.,04:00,6,6.0,cukup,"CMA,ECMWF,GFS,ICON,METEOFRANCE,UKMO",Cerah Berawan,77.3,Sedang,11.88,+/-0.79,96.5,+/-1.5,0.07,+/-0.09,11.88,+/-0.79,0.0,50.0,16.7,33.3,0.0,0.0,0.79,1.5,0.09,0.79,7,0.8571,0.0,0.0
gpm1,GPM1,2026-07-19,11.17.05.2002,Bale Redelong,provisional_catchment,yes,4.81572033808049,96.877105410688,Asia/Jakarta,Forecast Redelong representative point. BMKG ADM4 reference: 11.17.05.2002 (Bale Redelong). Initial BMKG reference for catchment point Spatial role: provisional_catchment. Area analisis provisional; menunggu konfirmasi batas DAS resmi.,05:00,6,6.0,cukup,"CMA,ECMWF,GFS,ICON,METEOFRANCE,UKMO",Berawan,73.1,Sedang,11.84,+/-0.88,96.17,+/-2.11,0.05,+/-0.11,11.84,+/-0.88,16.7,33.3,33.3,16.7,0.0,0.0,0.88,2.11,0.11,0.88,7,0.8571,0.0,0.0
gpm1,GPM1,2026-07-19,11.17.05.2002,Bale Redelong,provisional_catchment,yes,4.81572033808049,96.877105410688,Asia/Jakarta,Forecast Redelong representative point. BMKG ADM4 reference: 11.17.05.2002 (Bale Redelong). Initial BMKG reference for catchment point Spatial role: provisional_catchment. Area analisis provisional; menunggu konfirmasi batas DAS resmi.,06:00,6,6.0,cukup,"CMA,ECMWF,GFS,ICON,METEOFRANCE,UKMO",Cerah,72.9,Sedang,12.38,+/-1.25,95.67,+/-2.81,0.02,+/-0.04,12.38,+/-1.25,33.3,16.7,33.3,16.7,0.0,0.0,1.25,2.81,0.04,1.25,7,0.8571,0.0,0.0
gpm1,GPM1,2026-07-19,11.17.05.2002,Bale Redelong,provisional_catchment,yes,4.81572033808049,96.877105410688,Asia/Jakarta,Forecast Redelong representative point. BMKG ADM4 reference: 11.17.05.2002 (Bale Redelong). Initial BMKG reference for catchment point Spatial role: provisional_catchment. Area analisis provisional; menunggu konfirmasi batas DAS resmi.,07:00,6,6.0,cukup,"CMA,ECMWF,GFS,ICON,METEOFRANCE,UKMO",Berawan,81.2,Tinggi,12.63,+/-1.11,95.17,+/-3.93,0.0,+/-0.0,12.63,+/-1.11,16.7,16.7,66.7,0.0,0.0,0.0,1.11,3.93,0.0,1.11,7,0.8571,0.0,0.0
gpm1,GPM1,2026-07-19,11.17.05.2002,Bale Redelong,provisional_catchment,yes,4.81572033808049,96.877105410688,Asia/Jakarta,Forecast Redelong representative point. BMKG ADM4 reference: 11.17.05.2002 (Bale Redelong). Initial BMKG reference for catchment point Spatial role: provisional_catchment. Area analisis provisional; menunggu konfirmasi batas DAS resmi.,08:00,6,6.0,cukup,"CMA,ECMWF,GFS,ICON,METEOFRANCE,UKMO",Berawan,81.3,Tinggi,14.27,+/-0.69,93.0,+/-4.2,0.05,+/-0.11,14.27,+/-0.69,0.0,16.7,66.7,16.7,0.0,0.0,0.69,4.2,0.11,0.69,7,0.8571,0.0,0.0
gpm1,GPM1,2026-07-19,11.17.05.2002,Bale Redelong,provisional_catchment,yes,4.81572033808049,96.877105410688,Asia/Jakarta,Forecast Redelong representative point. BMKG ADM4 reference: 11.17.05.2002 (Bale Redelong). Initial BMKG reference for catchment point Spatial role: provisional_catchment. Area analisis provisional; menunggu konfirmasi batas DAS resmi.,09:00,6,6.0,cukup,"CMA,ECMWF,GFS,ICON,METEOFRANCE,UKMO",Hujan Ringan,73.2,Sedang,15.56,+/-0.14,87.17,+/-3.98,0.12,+/-0.17,15.56,+/-0.14,0.0,33.3,33.3,33.3,0.0,0.0,0.14,3.98,0.17,0.14,7,0.8571,0.0,0.0
gpm1,GPM1,2026-07-19,11.17.05.2002,Bale Redelong,provisional_catchment,yes,4.81572033808049,96.877105410688,Asia/Jakarta,Forecast Redelong representative point. BMKG ADM4 reference: 11.17.05.2002 (Bale Redelong). Initial BMKG reference for catchment point Spatial role: provisional_catchment. Area analisis provisional; menunggu konfirmasi batas DAS resmi.,10:00,6,6.0,cukup,"CMA,ECMWF,GFS,ICON,METEOFRANCE,UKMO",Hujan Ringan,73.0,Sedang,16.7,+/-0.33,82.0,+/-5.83,0.15,+/-0.23,16.7,+/-0.33,0.0,33.3,33.3,33.3,0.0,0.0,0.33,5.83,0.23,0.33,7,0.8571,0.0,0.0
gpm1,GPM1,2026-07-19,11.17.05.2002,Bale Redelong,provisional_catchment,yes,4.81572033808049,96.877105410688,Asia/Jakarta,Forecast Redelong representative point. BMKG ADM4 reference: 11.17.05.2002 (Bale Redelong). Initial BMKG reference for catchment point Spatial role: provisional_catchment. Area analisis provisional; menunggu konfirmasi batas DAS resmi.,11:00,6,6.0,cukup,"CMA,ECMWF,GFS,ICON,METEOFRANCE,UKMO",Hujan Ringan,80.8,Tinggi,17.87,+/-1.22,78.17,+/-7.69,0.1,+/-0.1,17.87,+/-1.22,0.0,16.7,16.7,66.7,0.0,0.0,1.22,7.69,0.1,1.22,7,0.8571,0.0,0.0
gpm1,GPM1,2026-07-19,11.17.05.2002,Bale Redelong,provisional_catchment,yes,4.81572033808049,96.877105410688,Asia/Jakarta,Forecast Redelong representative point. BMKG ADM4 reference: 11.17.05.2002 (Bale Redelong). Initial BMKG reference for catchment point Spatial role: provisional_catchment. Area analisis provisional; menunggu konfirmasi batas DAS resmi.,12:00,7,6.6868,cukup,"BMKG,CMA,ECMWF,GFS,ICON,METEOFRANCE,UKMO",Hujan Ringan,91.7,Tinggi,18.01,+/-1.9,81.44,+/-11.39,0.95,+/-0.73,18.01,+/-1.9,0.0,0.0,15.0,85.0,0.0,0.0,1.9,11.39,0.73,1.9,7,1.0,25.71,180.0
gpm1,GPM1,2026-07-19,11.17.05.2002,Bale Redelong,provisional_catchment,yes,4.81572033808049,96.877105410688,Asia/Jakarta,Forecast Redelong representative point. BMKG ADM4 reference: 11.17.05.2002 (Bale Redelong). Initial BMKG reference for catchment point Spatial role: provisional_catchment. Area analisis provisional; menunggu konfirmasi batas DAS resmi.,13:00,7,6.6868,cukup,"BMKG,CMA,ECMWF,GFS,ICON,METEOFRANCE,UKMO",Hujan Ringan,88.0,Tinggi,17.53,+/-1.8,85.92,+/-9.98,1.42,+/-0.82,17.53,+/-1.8,0.0,0.0,15.0,70.1,15.0,0.0,1.8,9.98,0.82,1.8,7,1.0,17.14,120.0
gpm1,GPM1,2026-07-19,11.17.05.2002,Bale Redelong,provisional_catchment,yes,4.81572033808049,96.877105410688,Asia/Jakarta,Forecast Redelong representative point. BMKG ADM4 reference: 11.17.05.2002 (Bale Redelong). Initial BMKG reference for catchment point Spatial role: provisional_catchment. Area analisis provisional; menunggu konfirmasi batas DAS resmi.,14:00,7,6.9366,cukup,"BMKG,CMA,ECMWF,GFS,ICON,METEOFRANCE,UKMO",Hujan Ringan,85.4,Tinggi,16.94,+/-1.47,90.54,+/-7.01,2.67,+/-1.51,16.94,+/-1.47,0.0,0.0,0.0,56.8,43.2,0.0,1.47,7.01,1.51,1.47,7,1.0,8.57,60.0
gpm1,GPM1,2026-07-19,11.17.05.2002,Bale Redelong,provisional_catchment,yes,4.81572033808049,96.877105410688,Asia/Jakarta,Forecast Redelong representative point. BMKG ADM4 reference: 11.17.05.2002 (Bale Redelong). Initial BMKG reference for catchment point Spatial role: provisional_catchment. Area analisis provisional; menunggu konfirmasi batas DAS resmi.,15:00,7,7.2488,cukup,"BMKG,CMA,ECMWF,GFS,ICON,METEOFRANCE,UKMO",Hujan Ringan,83.8,Tinggi,16.74,+/-1.47,91.93,+/-4.27,2.65,+/-1.32,16.74,+/-1.47,0.0,0.0,0.0,44.8,41.4,13.8,1.47,4.27,1.32,1.47,7,1.0,0.0,0.0
gpm1,GPM1,2026-07-19,11.17.05.2002,Bale Redelong,provisional_catchment,yes,4.81572033808049,96.877105410688,Asia/Jakarta,Forecast Redelong representative point. BMKG ADM4 reference: 11.17.05.2002 (Bale Redelong). Initial BMKG reference for catchment point Spatial role: provisional_catchment. Area analisis provisional; menunggu konfirmasi batas DAS resmi.,16:00,7,6.9366,cukup,"BMKG,CMA,ECMWF,GFS,ICON,METEOFRANCE,UKMO",Hujan Ringan,85.6,Tinggi,16.17,+/-1.6,93.14,+/-3.58,2.63,+/-1.54,16.17,+/-1.6,0.0,0.0,0.0,56.8,28.8,14.4,1.6,3.58,1.54,1.6,7,1.0,8.57,60.0
gpm1,GPM1,2026-07-19,11.17.05.2002,Bale Redelong,provisional_catchment,yes,4.81572033808049,96.877105410688,Asia/Jakarta,Forecast Redelong representative point. BMKG ADM4 reference: 11.17.05.2002 (Bale Redelong). Initial BMKG reference for catchment point Spatial role: provisional_catchment. Area analisis provisional; menunggu konfirmasi batas DAS resmi.,17:00,7,6.9366,cukup,"BMKG,CMA,ECMWF,GFS,ICON,METEOFRANCE,UKMO",Hujan Ringan,86.9,Tinggi,15.85,+/-1.18,93.83,+/-3.36,1.48,+/-0.35,15.85,+/-1.18,0.0,0.0,13.5,57.7,14.4,14.4,1.18,3.36,0.35,1.18,7,1.0,8.57,60.0
gpm1,GPM1,2026-07-19,11.17.05.2002,Bale Redelong,provisional_catchment,yes,4.81572033808049,96.877105410688,Asia/Jakarta,Forecast Redelong representative point. BMKG ADM4 reference: 11.17.05.2002 (Bale Redelong). Initial BMKG reference for catchment point Spatial role: provisional_catchment. Area analisis provisional; menunggu konfirmasi batas DAS resmi.,18:00,7,7.2488,cukup,"BMKG,CMA,ECMWF,GFS,ICON,METEOFRANCE,UKMO",Hujan Ringan,87.2,Tinggi,15.52,+/-1.49,95.88,+/-1.07,0.96,+/-0.53,15.52,+/-1.49,0.0,0.0,31.0,55.2,13.8,0.0,1.49,1.07,0.53,1.49,7,1.0,0.0,0.0
gpm1,GPM1,2026-07-19,11.17.05.2002,Bale Redelong,provisional_catchment,yes,4.81572033808049,96.877105410688,Asia/Jakarta,Forecast Redelong representative point. BMKG ADM4 reference: 11.17.05.2002 (Bale Redelong). Initial BMKG reference for catchment point Spatial role: provisional_catchment. Area analisis provisional; menunggu konfirmasi batas DAS resmi.,19:00,7,6.9366,cukup,"BMKG,CMA,ECMWF,GFS,ICON,METEOFRANCE,UKMO",Hujan Ringan,90.2,Tinggi,14.76,+/-1.81,97.0,+/-1.01,1.0,+/-0.64,14.76,+/-1.81,0.0,0.0,27.9,72.1,0.0,0.0,1.81,1.01,0.64,1.81,7,1.0,8.57,60.0
gpm1,GPM1,2026-07-19,11.17.05.2002,Bale Redelong,provisional_catchment,yes,4.81572033808049,96.877105410688,Asia/Jakarta,Forecast Redelong representative point. BMKG ADM4 reference: 11.17.05.2002 (Bale Redelong). Initial BMKG reference for catchment point Spatial role: provisional_catchment. Area analisis provisional; menunggu konfirmasi batas DAS resmi.,20:00,7,6.9366,cukup,"BMKG,CMA,ECMWF,GFS,ICON,METEOFRANCE,UKMO",Hujan Ringan,86.8,Tinggi,14.45,+/-1.58,96.57,+/-2.07,0.37,+/-0.37,14.45,+/-1.58,13.5,0.0,28.8,57.7,0.0,0.0,1.58,2.07,0.37,1.58,7,1.0,8.57,60.0
gpm1,GPM1,2026-07-19,11.17.05.2002,Bale Redelong,provisional_catchment,yes,4.81572033808049,96.877105410688,Asia/Jakarta,Forecast Redelong representative point. BMKG ADM4 reference: 11.17.05.2002 (Bale Redelong). Initial BMKG reference for catchment point Spatial role: provisional_catchment. Area analisis provisional; menunggu konfirmasi batas DAS resmi.,21:00,7,7.2488,cukup,"BMKG,CMA,ECMWF,GFS,ICON,METEOFRANCE,UKMO",Hujan Ringan,87.5,Tinggi,13.82,+/-1.23,96.86,+/-1.33,0.32,+/-0.33,13.82,+/-1.23,17.2,0.0,27.6,55.2,0.0,0.0,1.23,1.33,0.33,1.23,7,1.0,0.0,0.0
gpm1,GPM1,2026-07-19,11.17.05.2002,Bale Redelong,provisional_catchment,yes,4.81572033808049,96.877105410688,Asia/Jakarta,Forecast Redelong representative point. BMKG ADM4 reference: 11.17.05.2002 (Bale Redelong). Initial BMKG reference for catchment point Spatial role: provisional_catchment. Area analisis provisional; menunggu konfirmasi batas DAS resmi.,22:00,7,6.9366,cukup,"BMKG,CMA,ECMWF,GFS,ICON,METEOFRANCE,UKMO",Berawan,83.4,Tinggi,14.02,+/-1.69,97.0,+/-0.93,0.08,+/-0.09,14.02,+/-1.69,13.5,0.0,43.2,43.2,0.0,0.0,1.69,0.93,0.09,1.69,7,1.0,8.57,60.0
gpm1,GPM1,2026-07-19,11.17.05.2002,Bale Redelong,provisional_catchment,yes,4.81572033808049,96.877105410688,Asia/Jakarta,Forecast Redelong representative point. BMKG ADM4 reference: 11.17.05.2002 (Bale Redelong). Initial BMKG reference for catchment point Spatial role: provisional_catchment. Area analisis provisional; menunggu konfirmasi batas DAS resmi.,23:00,7,6.6868,cukup,"BMKG,CMA,ECMWF,GFS,ICON,METEOFRANCE,UKMO",Hujan Ringan,82.9,Tinggi,13.46,+/-1.86,97.0,+/-1.09,0.03,+/-0.04,13.46,+/-1.86,10.3,15.0,29.9,44.9,0.0,0.0,1.86,1.09,0.04,1.86,7,1.0,17.14,120.0
gpm1,GPM1,2026-07-20,11.17.05.2002,Bale Redelong,provisional_catchment,yes,4.81572033808049,96.877105410688,Asia/Jakarta,Forecast Redelong representative point. BMKG ADM4 reference: 11.17.05.2002 (Bale Redelong). Initial BMKG reference for catchment point Spatial role: provisional_catchment. Area analisis provisional; menunggu konfirmasi batas DAS resmi.,00:00,7,7.216,cukup,"BMKG,CMA,ECMWF,GFS,ICON,METEOFRANCE,UKMO",Hujan Ringan,83.9,Tinggi,13.34,+/-1.84,97.25,+/-1.48,0.03,+/-0.04,13.34,+/-1.84,0.0,30.7,27.7,41.6,0.0,0.0,1.84,1.48,0.04,1.84,7,1.0,0.0,0.0
gpm1,GPM1,2026-07-20,11.17.05.2002,Bale Redelong,provisional_catchment,yes,4.81572033808049,96.877105410688,Asia/Jakarta,Forecast Redelong representative point. BMKG ADM4 reference: 11.17.05.2002 (Bale Redelong). Initial BMKG reference for catchment point Spatial role: provisional_catchment. Area analisis provisional; menunggu konfirmasi batas DAS resmi.,01:00,7,6.912,cukup,"BMKG,CMA,ECMWF,GFS,ICON,METEOFRANCE,UKMO",Hujan Ringan,83.2,Tinggi,13.05,+/-1.82,97.3,+/-1.91,0.05,+/-0.09,13.05,+/-1.82,0.0,27.7,28.9,43.4,0.0,0.0,1.82,1.91,0.09,1.82,7,1.0,8.57,60.0
gpm1,GPM1,2026-07-20,11.17.05.2002,Bale Redelong,provisional_catchment,yes,4.81572033808049,96.877105410688,Asia/Jakarta,Forecast Redelong representative point. BMKG ADM4 reference: 11.17.05.2002 (Bale Redelong). Initial BMKG reference for catchment point Spatial role: provisional_catchment. Area analisis provisional; menunggu konfirmasi batas DAS resmi.,02:00,7,6.912,cukup,"BMKG,CMA,ECMWF,GFS,ICON,METEOFRANCE,UKMO",Hujan Ringan,86.8,Tinggi,12.74,+/-1.71,97.86,+/-1.97,0.2,+/-0.19,12.74,+/-1.71,0.0,14.5,27.7,57.9,0.0,0.0,1.71,1.97,0.19,1.71,7,1.0,8.57,60.0
gpm1,GPM1,2026-07-20,11.17.05.2002,Bale Redelong,provisional_catchment,yes,4.81572033808049,96.877105410688,Asia/Jakarta,Forecast Redelong representative point. BMKG ADM4 reference: 11.17.05.2002 (Bale Redelong). Initial BMKG reference for catchment point Spatial role: provisional_catchment. Area analisis provisional; menunggu konfirmasi batas DAS resmi.,03:00,7,7.216,cukup,"BMKG,CMA,ECMWF,GFS,ICON,METEOFRANCE,UKMO",Hujan Ringan,87.1,Tinggi,12.87,+/-1.68,97.45,+/-1.74,0.47,+/-0.49,12.87,+/-1.68,13.9,0.0,30.7,55.4,0.0,0.0,1.68,1.74,0.49,1.68,7,1.0,0.0,0.0
gpm1,GPM1,2026-07-20,11.17.05.2002,Bale Redelong,provisional_catchment,yes,4.81572033808049,96.877105410688,Asia/Jakarta,Forecast Redelong representative point. BMKG ADM4 reference: 11.17.05.2002 (Bale Redelong). Initial BMKG reference for catchment point Spatial role: provisional_catchment. Area analisis provisional; menunggu konfirmasi batas DAS resmi.,04:00,7,6.912,cukup,"BMKG,CMA,ECMWF,GFS,ICON,METEOFRANCE,UKMO",Hujan Ringan,86.5,Tinggi,12.64,+/-1.78,97.42,+/-1.77,0.5,+/-0.55,12.64,+/-1.78,14.5,0.0,27.7,57.9,0.0,0.0,1.78,1.77,0.55,1.78,7,1.0,8.57,60.0
gpm1,GPM1,2026-07-20,11.17.05.2002,Bale Redelong,provisional_catchment,yes,4.81572033808049,96.877105410688,Asia/Jakarta,Forecast Redelong representative point. BMKG ADM4 reference: 11.17.05.2002 (Bale Redelong). Initial BMKG reference for catchment point Spatial role: provisional_catchment. Area analisis provisional; menunggu konfirmasi batas DAS resmi.,05:00,7,6.912,cukup,"BMKG,CMA,ECMWF,GFS,ICON,METEOFRANCE,UKMO",Hujan Ringan,86.6,Tinggi,12.74,+/-1.96,96.75,+/-1.89,0.32,+/-0.29,12.74,+/-1.96,14.5,13.2,14.5,57.9,0.0,0.0,1.96,1.89,0.29,1.96,7,1.0,8.57,60.0
gpm1,GPM1,2026-07-20,11.17.05.2002,Bale Redelong,provisional_catchment,yes,4.81572033808049,96.877105410688,Asia/Jakarta,Forecast Redelong representative point. BMKG ADM4 reference: 11.17.05.2002 (Bale Redelong). Initial BMKG reference for catchment point Spatial role: provisional_catchment. Area analisis provisional; menunggu konfirmasi batas DAS resmi.,06:00,7,7.216,cukup,"BMKG,CMA,ECMWF,GFS,ICON,METEOFRANCE,UKMO",Hujan Ringan,87.2,Tinggi,12.92,+/-1.97,96.49,+/-2.08,0.13,+/-0.11,12.92,+/-1.97,13.9,16.9,13.9,55.4,0.0,0.0,1.97,2.08,0.11,1.97,7,1.0,0.0,0.0
gpm1,GPM1,2026-07-20,11.17.05.2002,Bale Redelong,provisional_catchment,yes,4.81572033808049,96.877105410688,Asia/Jakarta,Forecast Redelong representative point. BMKG ADM4 reference: 11.17.05.2002 (Bale Redelong). Initial BMKG reference for catchment point Spatial role: provisional_catchment. Area analisis provisional; menunggu konfirmasi batas DAS resmi.,07:00,7,6.912,cukup,"BMKG,CMA,ECMWF,GFS,ICON,METEOFRANCE,UKMO",Hujan Ringan,83.3,Tinggi,13.14,+/-1.58,95.59,+/-2.2,0.12,+/-0.12,13.14,+/-1.58,14.5,13.2,28.9,43.4,0.0,0.0,1.58,2.2,0.12,1.58,7,1.0,8.57,60.0
gpm1,GPM1,2026-07-20,11.17.05.2002,Bale Redelong,provisional_catchment,yes,4.81572033808049,96.877105410688,Asia/Jakarta,Forecast Redelong representative point. BMKG ADM4 reference: 11.17.05.2002 (Bale Redelong). Initial BMKG reference for catchment point Spatial role: provisional_catchment. Area analisis provisional; menunggu konfirmasi batas DAS resmi.,08:00,7,6.912,cukup,"BMKG,CMA,ECMWF,GFS,ICON,METEOFRANCE,UKMO",Berawan,83.4,Tinggi,14.27,+/-0.83,90.59,+/-6.13,0.07,+/-0.09,14.27,+/-0.83,27.7,0.0,43.4,28.9,0.0,0.0,0.83,6.13,0.09,0.83,7,1.0,8.57,60.0
gpm1,GPM1,2026-07-20,11.17.05.2002,Bale Redelong,provisional_catchment,yes,4.81572033808049,96.877105410688,Asia/Jakarta,Forecast Redelong representative point. BMKG ADM4 reference: 11.17.05.2002 (Bale Redelong). Initial BMKG reference for catchment point Spatial role: provisional_catchment. Area analisis provisional; menunggu konfirmasi batas DAS resmi.,09:00,7,7.216,cukup,"BMKG,CMA,ECMWF,GFS,ICON,METEOFRANCE,UKMO",Berawan,83.3,Tinggi,16.66,+/-2.13,84.24,+/-5.45,0.13,+/-0.22,16.66,+/-2.13,30.7,0.0,41.6,27.7,0.0,0.0,2.13,5.45,0.22,2.13,7,1.0,0.0,0.0
gpm1,GPM1,2026-07-20,11.17.05.2002,Bale Redelong,provisional_catchment,yes,4.81572033808049,96.877105410688,Asia/Jakarta,Forecast Redelong representative point. BMKG ADM4 reference: 11.17.05.2002 (Bale Redelong). Initial BMKG reference for catchment point Spatial role: provisional_catchment. Area analisis provisional; menunggu konfirmasi batas DAS resmi.,10:00,7,6.912,cukup,"BMKG,CMA,ECMWF,GFS,ICON,METEOFRANCE,UKMO",Hujan Ringan,83.0,Tinggi,17.64,+/-1.64,79.3,+/-6.38,0.06,+/-0.08,17.64,+/-1.64,13.2,14.5,28.9,43.4,0.0,0.0,1.64,6.38,0.08,1.64,7,1.0,8.57,60.0
gpm1,GPM1,2026-07-20,11.17.05.2002,Bale Redelong,provisional_catchment,yes,4.81572033808049,96.877105410688,Asia/Jakarta,Forecast Redelong representative point. BMKG ADM4 reference: 11.17.05.2002 (Bale Redelong). Initial BMKG reference for catchment point Spatial role: provisional_catchment. Area analisis provisional; menunggu konfirmasi batas DAS resmi.,11:00,7,6.912,cukup,"BMKG,CMA,ECMWF,GFS,ICON,METEOFRANCE,UKMO",Hujan Ringan,86.6,Tinggi,18.17,+/-0.94,74.13,+/-7.6,0.38,+/-0.41,18.17,+/-0.94,13.2,0.0,28.9,57.9,0.0,0.0,0.94,7.6,0.41,0.94,7,1.0,8.57,60.0
gpm1,GPM1,2026-07-20,11.17.05.2002,Bale Redelong,provisional_catchment,yes,4.81572033808049,96.877105410688,Asia/Jakarta,Forecast Redelong representative point. BMKG ADM4 reference: 11.17.05.2002 (Bale Redelong). Initial BMKG reference for catchment point Spatial role: provisional_catchment. Area analisis provisional; menunggu konfirmasi batas DAS resmi.,12:00,7,7.216,cukup,"BMKG,CMA,ECMWF,GFS,ICON,METEOFRANCE,UKMO",Hujan Ringan,90.3,Tinggi,18.23,+/-1.09,75.36,+/-10.09,0.57,+/-0.38,18.23,+/-1.09,16.9,0.0,13.9,69.3,0.0,0.0,1.09,10.09,0.38,1.09,7,1.0,0.0,0.0
gpm1,GPM1,2026-07-20,11.17.05.2002,Bale Redelong,provisional_catchment,yes,4.81572033808049,96.877105410688,Asia/Jakarta,Forecast Redelong representative point. BMKG ADM4 reference: 11.17.05.2002 (Bale Redelong). Initial BMKG reference for catchment point Spatial role: provisional_catchment. Area analisis provisional; menunggu konfirmasi batas DAS resmi.,13:00,7,6.912,cukup,"BMKG,CMA,ECMWF,GFS,ICON,METEOFRANCE,UKMO",Hujan Ringan,82.1,Tinggi,18.25,+/-1.06,77.31,+/-12.14,1.25,+/-1.04,18.25,+/-1.06,13.2,0.0,14.5,43.4,14.5,14.5,1.06,12.14,1.04,1.06,7,1.0,8.57,60.0
gpm1,GPM1,2026-07-20,11.17.05.2002,Bale Redelong,provisional_catchment,yes,4.81572033808049,96.877105410688,Asia/Jakarta,Forecast Redelong representative point. BMKG ADM4 reference: 11.17.05.2002 (Bale Redelong). Initial BMKG reference for catchment point Spatial role: provisional_catchment. Area analisis provisional; menunggu konfirmasi batas DAS resmi.,14:00,7,6.912,cukup,"BMKG,CMA,ECMWF,GFS,ICON,METEOFRANCE,UKMO",Hujan Sedang,81.1,Tinggi,17.92,+/-2.02,83.42,+/-11.29,2.63,+/-1.81,17.92,+/-2.02,0.0,0.0,14.5,42.1,43.4,0.0,2.02,11.29,1.81,2.02,7,1.0,8.57,60.0
gpm1,GPM1,2026-07-20,11.17.05.2002,Bale Redelong,provisional_catchment,yes,4.81572033808049,96.877105410688,Asia/Jakarta,Forecast Redelong representative point. BMKG ADM4 reference: 11.17.05.2002 (Bale Redelong). Initial BMKG reference for catchment point Spatial role: provisional_catchment. Area analisis provisional; menunggu konfirmasi batas DAS resmi.,15:00,7,7.216,cukup,"BMKG,CMA,ECMWF,GFS,ICON,METEOFRANCE,UKMO",Hujan Ringan,86.0,Tinggi,17.4,+/-2.5,86.49,+/-10.47,2.15,+/-1.52,17.4,+/-2.5,0.0,0.0,13.9,58.4,27.7,0.0,2.5,10.47,1.52,2.5,7,1.0,0.0,0.0
gpm1,GPM1,2026-07-20,11.17.05.2002,Bale Redelong,provisional_catchment,yes,4.81572033808049,96.877105410688,Asia/Jakarta,Forecast Redelong representative point. BMKG ADM4 reference: 11.17.05.2002 (Bale Redelong). Initial BMKG reference for catchment point Spatial role: provisional_catchment. Area analisis provisional; menunggu konfirmasi batas DAS resmi.,16:00,7,6.912,cukup,"BMKG,CMA,ECMWF,GFS,ICON,METEOFRANCE,UKMO",Hujan Ringan,84.9,Tinggi,16.66,+/-2.36,89.35,+/-7.33,1.77,+/-1.31,16.66,+/-2.36,0.0,0.0,14.5,56.6,28.9,0.0,2.36,7.33,1.31,2.36,7,1.0,8.57,60.0
gpm1,GPM1,2026-07-20,11.17.05.2002,Bale Redelong,provisional_catchment,yes,4.81572033808049,96.877105410688,Asia/Jakarta,Forecast Redelong representative point. BMKG ADM4 reference: 11.17.05.2002 (Bale Redelong). Initial BMKG reference for catchment point Spatial role: provisional_catchment. Area analisis provisional; menunggu konfirmasi batas DAS resmi.,17:00,7,6.912,cukup,"BMKG,CMA,ECMWF,GFS,ICON,METEOFRANCE,UKMO",Hujan Ringan,86.0,Tinggi,15.83,+/-1.85,92.7,+/-5.83,0.78,+/-0.87,15.83,+/-1.85,0.0,13.2,14.5,57.9,14.5,0.0,1.85,5.83,0.87,1.85,7,1.0,8.57,60.0
gpm1,GPM1,2026-07-20,11.17.05.2002,Bale Redelong,provisional_catchment,yes,4.81572033808049,96.877105410688,Asia/Jakarta,Forecast Redelong representative point. BMKG ADM4 reference: 11.17.05.2002 (Bale Redelong). Initial BMKG reference for catchment point Spatial role: provisional_catchment. Area analisis provisional; menunggu konfirmasi batas DAS resmi.,18:00,7,7.216,cukup,"BMKG,CMA,ECMWF,GFS,ICON,METEOFRANCE,UKMO",Hujan Ringan,87.1,Tinggi,15.51,+/-1.97,96.09,+/-1.79,0.3,+/-0.24,15.51,+/-1.97,0.0,16.9,27.7,55.4,0.0,0.0,1.97,1.79,0.24,1.97,7,1.0,0.0,0.0
gpm1,GPM1,2026-07-20,11.17.05.2002,Bale Redelong,provisional_catchment,yes,4.81572033808049,96.877105410688,Asia/Jakarta,Forecast Redelong representative point. BMKG ADM4 reference: 11.17.05.2002 (Bale Redelong). Initial BMKG reference for catchment point Spatial role: provisional_catchment. Area analisis provisional; menunggu konfirmasi batas DAS resmi.,19:00,7,6.912,cukup,"BMKG,CMA,ECMWF,GFS,ICON,METEOFRANCE,UKMO",Hujan Ringan,90.2,Tinggi,14.88,+/-2.01,97.04,+/-1.8,0.43,+/-0.34,14.88,+/-2.01,0.0,13.2,14.5,72.3,0.0,0.0,2.01,1.8,0.34,2.01,7,1.0,8.57,60.0
gpm1,GPM1,2026-07-20,11.17.05.2002,Bale Redelong,provisional_catchment,yes,4.81572033808049,96.877105410688,Asia/Jakarta,Forecast Redelong representative point. BMKG ADM4 reference: 11.17.05.2002 (Bale Redelong). Initial BMKG reference for catchment point Spatial role: provisional_catchment. Area analisis provisional; menunggu konfirmasi batas DAS resmi.,20:00,7,6.912,cukup,"BMKG,CMA,ECMWF,GFS,ICON,METEOFRANCE,UKMO",Berawan,86.7,Tinggi,14.41,+/-1.87,95.62,+/-3.06,0.1,+/-0.18,14.41,+/-1.87,0.0,13.2,57.9,28.9,0.0,0.0,1.87,3.06,0.18,1.87,7,1.0,8.57,60.0
gpm1,GPM1,2026-07-20,11.17.05.2002,Bale Redelong,provisional_catchment,yes,4.81572033808049,96.877105410688,Asia/Jakarta,Forecast Redelong representative point. BMKG ADM4 reference: 11.17.05.2002 (Bale Redelong). Initial BMKG reference for catchment point Spatial role: provisional_catchment. Area analisis provisional; menunggu konfirmasi batas DAS resmi.,21:00,7,7.216,cukup,"BMKG,CMA,ECMWF,GFS,ICON,METEOFRANCE,UKMO",Berawan,90.6,Tinggi,14.27,+/-1.94,95.88,+/-2.62,0.07,+/-0.09,14.27,+/-1.94,0.0,16.9,69.3,13.9,0.0,0.0,1.94,2.62,0.09,1.94,7,1.0,0.0,0.0
gpm1,GPM1,2026-07-20,11.17.05.2002,Bale Redelong,provisional_catchment,yes,4.81572033808049,96.877105410688,Asia/Jakarta,Forecast Redelong representative point. BMKG ADM4 reference: 11.17.05.2002 (Bale Redelong). Initial BMKG reference for catchment point Spatial role: provisional_catchment. Area analisis provisional; menunggu konfirmasi batas DAS resmi.,22:00,7,6.912,cukup,"BMKG,CMA,ECMWF,GFS,ICON,METEOFRANCE,UKMO",Berawan,94.1,Tinggi,14.08,+/-1.8,95.91,+/-2.78,0.0,+/-0.0,14.08,+/-1.8,0.0,13.2,86.8,0.0,0.0,0.0,1.8,2.78,0.0,1.8,7,1.0,8.57,60.0
gpm1,GPM1,2026-07-20,11.17.05.2002,Bale Redelong,provisional_catchment,yes,4.81572033808049,96.877105410688,Asia/Jakarta,Forecast Redelong representative point. BMKG ADM4 reference: 11.17.05.2002 (Bale Redelong). Initial BMKG reference for catchment point Spatial role: provisional_catchment. Area analisis provisional; menunggu konfirmasi batas DAS resmi.,23:00,7,6.6688,cukup,"BMKG,CMA,ECMWF,GFS,ICON,METEOFRANCE,UKMO",Berawan,90.3,Tinggi,13.78,+/-1.79,95.9,+/-2.86,0.0,+/-0.0,13.78,+/-1.79,0.0,25.0,75.0,0.0,0.0,0.0,1.79,2.86,0.0,1.79,7,1.0,17.14,120.0
gpm1,GPM1,2026-07-21,11.17.05.2002,Bale Redelong,provisional_catchment,yes,4.81572033808049,96.877105410688,Asia/Jakarta,Forecast Redelong representative point. BMKG ADM4 reference: 11.17.05.2002 (Bale Redelong). Initial BMKG reference for catchment point Spatial role: provisional_catchment. Area analisis provisional; menunggu konfirmasi batas DAS resmi.,00:00,7,7.2274,cukup,"BMKG,CMA,ECMWF,GFS,ICON,METEOFRANCE,UKMO",Berawan,87.3,Tinggi,13.5,+/-1.86,96.63,+/-2.26,0.0,+/-0.0,13.5,+/-1.86,0.0,44.7,55.3,0.0,0.0,0.0,1.86,2.26,0.0,1.86,7,1.0,0.0,0.0
gpm1,GPM1,2026-07-21,11.17.05.2002,Bale Redelong,provisional_catchment,yes,4.81572033808049,96.877105410688,Asia/Jakarta,Forecast Redelong representative point. BMKG ADM4 reference: 11.17.05.2002 (Bale Redelong). Initial BMKG reference for catchment point Spatial role: provisional_catchment. Area analisis provisional; menunggu konfirmasi batas DAS resmi.,01:00,7,6.9205,cukup,"BMKG,CMA,ECMWF,GFS,ICON,METEOFRANCE,UKMO",Berawan,90.5,Tinggi,13.08,+/-1.86,96.89,+/-2.16,0.0,+/-0.0,13.08,+/-1.86,14.4,13.3,72.2,0.0,0.0,0.0,1.86,2.16,0.0,1.86,7,1.0,8.57,60.0
gpm1,GPM1,2026-07-21,11.17.05.2002,Bale Redelong,provisional_catchment,yes,4.81572033808049,96.877105410688,Asia/Jakarta,Forecast Redelong representative point. BMKG ADM4 reference: 11.17.05.2002 (Bale Redelong). Initial BMKG reference for catchment point Spatial role: provisional_catchment. Area analisis provisional; menunggu konfirmasi batas DAS resmi.,02:00,7,6.9205,cukup,"BMKG,CMA,ECMWF,GFS,ICON,METEOFRANCE,UKMO",Berawan,90.3,Tinggi,12.79,+/-1.98,97.46,+/-1.75,0.13,+/-0.3,12.79,+/-1.98,0.0,13.3,72.2,14.4,0.0,0.0,1.98,1.75,0.3,1.98,7,1.0,8.57,60.0
gpm1,GPM1,2026-07-21,11.17.05.2002,Bale Redelong,provisional_catchment,yes,4.81572033808049,96.877105410688,Asia/Jakarta,Forecast Redelong representative point. BMKG ADM4 reference: 11.17.05.2002 (Bale Redelong). Initial BMKG reference for catchment point Spatial role: provisional_catchment. Area analisis provisional; menunggu konfirmasi batas DAS resmi.,03:00,7,7.2274,cukup,"BMKG,CMA,ECMWF,GFS,ICON,METEOFRANCE,UKMO",Berawan,91.1,Tinggi,11.46,+/-0.85,97.35,+/-1.78,0.13,+/-0.3,11.46,+/-0.85,0.0,17.0,69.2,13.8,0.0,0.0,0.85,1.78,0.3,0.85,7,1.0,0.0,0.0
gpm1,GPM1,2026-07-21,11.17.05.2002,Bale Redelong,provisional_catchment,yes,4.81572033808049,96.877105410688,Asia/Jakarta,Forecast Redelong representative point. BMKG ADM4 reference: 11.17.05.2002 (Bale Redelong). Initial BMKG reference for catchment point Spatial role: provisional_catchment. Area analisis provisional; menunggu konfirmasi batas DAS resmi.,04:00,7,6.9205,cukup,"BMKG,CMA,ECMWF,GFS,ICON,METEOFRANCE,UKMO",Berawan,86.6,Tinggi,12.56,+/-2.07,97.31,+/-1.82,0.13,+/-0.3,12.56,+/-2.07,0.0,27.8,57.8,14.4,0.0,0.0,2.07,1.82,0.3,2.07,7,1.0,8.57,60.0
gpm1,GPM1,2026-07-21,11.17.05.2002,Bale Redelong,provisional_catchment,yes,4.81572033808049,96.877105410688,Asia/Jakarta,Forecast Redelong representative point. BMKG ADM4 reference: 11.17.05.2002 (Bale Redelong). Initial BMKG reference for catchment point Spatial role: provisional_catchment. Area analisis provisional; menunggu konfirmasi batas DAS resmi.,05:00,7,6.9205,cukup,"BMKG,CMA,ECMWF,GFS,ICON,METEOFRANCE,UKMO",Berawan,90.6,Tinggi,12.03,+/-1.56,96.64,+/-2.67,0.0,+/-0.0,12.03,+/-1.56,14.4,13.3,72.2,0.0,0.0,0.0,1.56,2.67,0.0,1.56,7,1.0,8.57,60.0
gpm1,GPM1,2026-07-21,11.17.05.2002,Bale Redelong,provisional_catchment,yes,4.81572033808049,96.877105410688,Asia/Jakarta,Forecast Redelong representative point. BMKG ADM4 reference: 11.17.05.2002 (Bale Redelong). Initial BMKG reference for catchment point Spatial role: provisional_catchment. Area analisis provisional; menunggu konfirmasi batas DAS resmi.,06:00,7,7.2274,cukup,"BMKG,CMA,ECMWF,GFS,ICON,METEOFRANCE,UKMO",Berawan,90.7,Tinggi,12.73,+/-2.01,95.84,+/-2.82,0.0,+/-0.0,12.73,+/-2.01,13.8,17.0,69.2,0.0,0.0,0.0,2.01,2.82,0.0,2.01,7,1.0,0.0,0.0
gpm1,GPM1,2026-07-21,11.17.05.2002,Bale Redelong,provisional_catchment,yes,4.81572033808049,96.877105410688,Asia/Jakarta,Forecast Redelong representative point. BMKG ADM4 reference: 11.17.05.2002 (Bale Redelong). Initial BMKG reference for catchment point Spatial role: provisional_catchment. Area analisis provisional; menunggu konfirmasi batas DAS resmi.,07:00,7,6.9205,cukup,"BMKG,CMA,ECMWF,GFS,ICON,METEOFRANCE,UKMO",Berawan,90.5,Tinggi,12.91,+/-1.71,94.9,+/-3.52,0.0,+/-0.0,12.91,+/-1.71,14.4,13.3,72.2,0.0,0.0,0.0,1.71,3.52,0.0,1.71,7,1.0,8.57,60.0
gpm1,GPM1,2026-07-21,11.17.05.2002,Bale Redelong,provisional_catchment,yes,4.81572033808049,96.877105410688,Asia/Jakarta,Forecast Redelong representative point. BMKG ADM4 reference: 11.17.05.2002 (Bale Redelong). Initial BMKG reference for catchment point Spatial role: provisional_catchment. Area analisis provisional; menunggu konfirmasi batas DAS resmi.,08:00,7,6.9205,cukup,"BMKG,CMA,ECMWF,GFS,ICON,METEOFRANCE,UKMO",Berawan,83.4,Tinggi,14.33,+/-0.87,87.43,+/-6.58,0.0,+/-0.0,14.33,+/-0.87,14.4,42.2,43.3,0.0,0.0,0.0,0.87,6.58,0.0,0.87,7,1.0,8.57,60.0
gpm1,GPM1,2026-07-21,11.17.05.2002,Bale Redelong,provisional_catchment,yes,4.81572033808049,96.877105410688,Asia/Jakarta,Forecast Redelong representative point. BMKG ADM4 reference: 11.17.05.2002 (Bale Redelong). Initial BMKG reference for catchment point Spatial role: provisional_catchment. Area analisis provisional; menunggu konfirmasi batas DAS resmi.,09:00,7,7.2274,cukup,"BMKG,CMA,ECMWF,GFS,ICON,METEOFRANCE,UKMO",Cerah Berawan,88.3,Tinggi,16.33,+/-0.91,79.01,+/-5.82,0.0,+/-0.0,16.33,+/-0.91,13.8,58.5,27.7,0.0,0.0,0.0,0.91,5.82,0.0,0.91,7,1.0,0.0,0.0
gpm1,GPM1,2026-07-21,11.17.05.2002,Bale Redelong,provisional_catchment,yes,4.81572033808049,96.877105410688,Asia/Jakarta,Forecast Redelong representative point. BMKG ADM4 reference: 11.17.05.2002 (Bale Redelong). Initial BMKG reference for catchment point Spatial role: provisional_catchment. Area analisis provisional; menunggu konfirmasi batas DAS resmi.,10:00,7,6.9205,cukup,"BMKG,CMA,ECMWF,GFS,ICON,METEOFRANCE,UKMO",Cerah Berawan,86.6,Tinggi,18.31,+/-1.3,72.98,+/-6.65,0.0,+/-0.0,18.31,+/-1.3,0.0,56.7,43.3,0.0,0.0,0.0,1.3,6.65,0.0,1.3,7,1.0,8.57,60.0
gpm1,GPM1,2026-07-21,11.17.05.2002,Bale Redelong,provisional_catchment,yes,4.81572033808049,96.877105410688,Asia/Jakarta,Forecast Redelong representative point. BMKG ADM4 reference: 11.17.05.2002 (Bale Redelong). Initial BMKG reference for catchment point Spatial role: provisional_catchment. Area analisis provisional; menunggu konfirmasi batas DAS resmi.,11:00,7,6.9205,cukup,"BMKG,CMA,ECMWF,GFS,ICON,METEOFRANCE,UKMO",Hujan Ringan,86.8,Tinggi,18.5,+/-0.8,70.0,+/-7.75,0.4,+/-0.32,18.5,+/-0.8,13.3,0.0,28.9,57.8,0.0,0.0,0.8,7.75,0.32,0.8,7,1.0,8.57,60.0
gpm1,GPM1,2026-07-21,11.17.05.2002,Bale Redelong,provisional_catchment,yes,4.81572033808049,96.877105410688,Asia/Jakarta,Forecast Redelong representative point. BMKG ADM4 reference: 11.17.05.2002 (Bale Redelong). Initial BMKG reference for catchment point Spatial role: provisional_catchment. Area analisis provisional; menunggu konfirmasi batas DAS resmi.,12:00,7,7.2274,cukup,"BMKG,CMA,ECMWF,GFS,ICON,METEOFRANCE,UKMO",Hujan Ringan,89.7,Tinggi,19.01,+/-2.51,75.26,+/-9.92,0.55,+/-0.28,19.01,+/-2.51,17.0,0.0,13.8,69.2,0.0,0.0,2.51,9.92,0.28,2.51,7,1.0,0.0,0.0
gpm1,GPM1,2026-07-21,11.17.05.2002,Bale Redelong,provisional_catchment,yes,4.81572033808049,96.877105410688,Asia/Jakarta,Forecast Redelong representative point. BMKG ADM4 reference: 11.17.05.2002 (Bale Redelong). Initial BMKG reference for catchment point Spatial role: provisional_catchment. Area analisis provisional; menunggu konfirmasi batas DAS resmi.,13:00,7,6.9205,cukup,"BMKG,CMA,ECMWF,GFS,ICON,METEOFRANCE,UKMO",Hujan Ringan,89.3,Tinggi,18.36,+/-2.51,81.28,+/-11.35,0.92,+/-0.24,18.36,+/-2.51,13.3,0.0,0.0,72.2,0.0,14.4,2.51,11.35,0.24,2.51,7,1.0,8.57,60.0
gpm1,GPM1,2026-07-21,11.17.05.2002,Bale Redelong,provisional_catchment,yes,4.81572033808049,96.877105410688,Asia/Jakarta,Forecast Redelong representative point. BMKG ADM4 reference: 11.17.05.2002 (Bale Redelong). Initial BMKG reference for catchment point Spatial role: provisional_catchment. Area analisis provisional; menunggu konfirmasi batas DAS resmi.,14:00,7,6.9205,cukup,"BMKG,CMA,ECMWF,GFS,ICON,METEOFRANCE,UKMO",Hujan Ringan,81.8,Tinggi,17.75,+/-2.01,85.09,+/-9.66,2.35,+/-1.18,17.75,+/-2.01,0.0,13.3,0.0,43.3,28.9,14.4,2.01,9.66,1.18,2.01,7,1.0,8.57,60.0
gpm1,GPM1,2026-07-21,11.17.05.2002,Bale Redelong,provisional_catchment,yes,4.81572033808049,96.877105410688,Asia/Jakarta,Forecast Redelong representative point. BMKG ADM4 reference: 11.17.05.2002 (Bale Redelong). Initial BMKG reference for catchment point Spatial role: provisional_catchment. Area analisis provisional; menunggu konfirmasi batas DAS resmi.,15:00,7,7.2274,cukup,"BMKG,CMA,ECMWF,GFS,ICON,METEOFRANCE,UKMO",Hujan Ringan,83.0,Tinggi,16.7,+/-0.97,85.34,+/-10.54,2.15,+/-0.86,16.7,+/-0.97,0.0,17.0,0.0,41.5,27.7,13.8,0.97,10.54,0.86,0.97,7,1.0,0.0,0.0
gpm1,GPM1,2026-07-21,11.17.05.2002,Bale Redelong,provisional_catchment,yes,4.81572033808049,96.877105410688,Asia/Jakarta,Forecast Redelong representative point. BMKG ADM4 reference: 11.17.05.2002 (Bale Redelong). Initial BMKG reference for catchment point Spatial role: provisional_catchment. Area analisis provisional; menunggu konfirmasi batas DAS resmi.,16:00,7,6.9205,cukup,"BMKG,CMA,ECMWF,GFS,ICON,METEOFRANCE,UKMO",Hujan Ringan,82.3,Tinggi,17.06,+/-2.13,90.83,+/-5.49,1.98,+/-0.86,17.06,+/-2.13,0.0,13.3,0.0,43.3,28.9,14.4,2.13,5.49,0.86,2.13,7,1.0,8.57,60.0
gpm1,GPM1,2026-07-21,11.17.05.2002,Bale Redelong,provisional_catchment,yes,4.81572033808049,96.877105410688,Asia/Jakarta,Forecast Redelong representative point. BMKG ADM4 reference: 11.17.05.2002 (Bale Redelong). Initial BMKG reference for catchment point Spatial role: provisional_catchment. Area analisis provisional; menunggu konfirmasi batas DAS resmi.,17:00,7,6.9205,cukup,"BMKG,CMA,ECMWF,GFS,ICON,METEOFRANCE,UKMO",Hujan Ringan,93.9,Tinggi,16.27,+/-1.4,92.16,+/-4.64,0.8,+/-0.31,16.27,+/-1.4,13.3,0.0,0.0,86.7,0.0,0.0,1.4,4.64,0.31,1.4,7,1.0,8.57,60.0
gpm1,GPM1,2026-07-21,11.17.05.2002,Bale Redelong,provisional_catchment,yes,4.81572033808049,96.877105410688,Asia/Jakarta,Forecast Redelong representative point. BMKG ADM4 reference: 11.17.05.2002 (Bale Redelong). Initial BMKG reference for catchment point Spatial role: provisional_catchment. Area analisis provisional; menunggu konfirmasi batas DAS resmi.,18:00,7,7.2274,cukup,"BMKG,CMA,ECMWF,GFS,ICON,METEOFRANCE,UKMO",Hujan Ringan,90.3,Tinggi,15.98,+/-1.67,93.77,+/-4.47,0.83,+/-0.6,15.98,+/-1.67,17.0,0.0,13.8,69.2,0.0,0.0,1.67,4.47,0.6,1.67,7,1.0,0.0,0.0
gpm1,GPM1,2026-07-21,11.17.05.2002,Bale Redelong,provisional_catchment,yes,4.81572033808049,96.877105410688,Asia/Jakarta,Forecast Redelong representative point. BMKG ADM4 reference: 11.17.05.2002 (Bale Redelong). Initial BMKG reference for catchment point Spatial role: provisional_catchment. Area analisis provisional; menunggu konfirmasi batas DAS resmi.,19:00,7,6.9205,cukup,"BMKG,CMA,ECMWF,GFS,ICON,METEOFRANCE,UKMO",Hujan Ringan,90.0,Tinggi,15.26,+/-1.98,94.9,+/-4.09,0.7,+/-0.43,15.26,+/-1.98,13.3,0.0,14.4,72.2,0.0,0.0,1.98,4.09,0.43,1.98,7,1.0,8.57,60.0
gpm1,GPM1,2026-07-21,11.17.05.2002,Bale Redelong,provisional_catchment,yes,4.81572033808049,96.877105410688,Asia/Jakarta,Forecast Redelong representative point. BMKG ADM4 reference: 11.17.05.2002 (Bale Redelong). Initial BMKG reference for catchment point Spatial role: provisional_catchment. Area analisis provisional; menunggu konfirmasi batas DAS resmi.,20:00,7,6.9205,cukup,"BMKG,CMA,ECMWF,GFS,ICON,METEOFRANCE,UKMO",Hujan Ringan,83.3,Tinggi,14.64,+/-1.62,97.66,+/-1.25,0.22,+/-0.25,14.64,+/-1.62,13.3,14.4,28.9,43.3,0.0,0.0,1.62,1.25,0.25,1.62,7,1.0,8.57,60.0
gpm1,GPM1,2026-07-21,11.17.05.2002,Bale Redelong,provisional_catchment,yes,4.81572033808049,96.877105410688,Asia/Jakarta,Forecast Redelong representative point. BMKG ADM4 reference: 11.17.05.2002 (Bale Redelong). Initial BMKG reference for catchment point Spatial role: provisional_catchment. Area analisis provisional; menunggu konfirmasi batas DAS resmi.,21:00,7,7.2274,cukup,"BMKG,CMA,ECMWF,GFS,ICON,METEOFRANCE,UKMO",Berawan,80.4,Tinggi,14.44,+/-1.69,97.2,+/-1.65,0.12,+/-0.19,14.44,+/-1.69,17.0,27.7,27.7,27.7,0.0,0.0,1.69,1.65,0.19,1.69,7,1.0,0.0,0.0
gpm1,GPM1,2026-07-21,11.17.05.2002,Bale Redelong,provisional_catchment,yes,4.81572033808049,96.877105410688,Asia/Jakarta,Forecast Redelong representative point. BMKG ADM4 reference: 11.17.05.2002 (Bale Redelong). Initial BMKG reference for catchment point Spatial role: provisional_catchment. Area analisis provisional; menunggu konfirmasi batas DAS resmi.,22:00,7,6.9205,cukup,"BMKG,CMA,ECMWF,GFS,ICON,METEOFRANCE,UKMO",Hujan Ringan,83.2,Tinggi,13.97,+/-1.65,96.41,+/-2.33,0.17,+/-0.19,13.97,+/-1.65,27.8,0.0,28.9,43.3,0.0,0.0,1.65,2.33,0.19,1.65,7,1.0,8.57,60.0
gpm1,GPM1,2026-07-21,11.17.05.2002,Bale Redelong,provisional_catchment,yes,4.81572033808049,96.877105410688,Asia/Jakarta,Forecast Redelong representative point. BMKG ADM4 reference: 11.17.05.2002 (Bale Redelong). Initial BMKG reference for catchment point Spatial role: provisional_catchment. Area analisis provisional; menunggu konfirmasi batas DAS resmi.,23:00,7,6.6751,cukup,"BMKG,CMA,ECMWF,GFS,ICON,METEOFRANCE,UKMO",Berawan,79.2,Sedang,13.1,+/-1.17,96.95,+/-2.04,0.2,+/-0.33,13.1,+/-1.17,25.1,15.0,30.0,30.0,0.0,0.0,1.17,2.04,0.33,1.17,7,1.0,17.14,120.0
gpm1,GPM1,2026-07-22,11.17.05.2002,Bale Redelong,provisional_catchment,yes,4.81572033808049,96.877105410688,Asia/Jakarta,Forecast Redelong representative point. BMKG ADM4 reference: 11.17.05.2002 (Bale Redelong). Initial BMKG reference for catchment point Spatial role: provisional_catchment. Area analisis provisional; menunggu konfirmasi batas DAS resmi.,00:00,6,6.0,cukup,"CMA,ECMWF,GFS,ICON,METEOFRANCE,UKMO",Berawan,77.2,Sedang,12.73,+/-1.11,98.0,+/-0.63,0.07,+/-0.11,12.73,+/-1.11,16.7,0.0,50.0,33.3,0.0,0.0,1.11,0.63,0.11,1.11,7,0.8571,0.0,0.0
gpm1,GPM1,2026-07-22,11.17.05.2002,Bale Redelong,provisional_catchment,yes,4.81572033808049,96.877105410688,Asia/Jakarta,Forecast Redelong representative point. BMKG ADM4 reference: 11.17.05.2002 (Bale Redelong). Initial BMKG reference for catchment point Spatial role: provisional_catchment. Area analisis provisional; menunggu konfirmasi batas DAS resmi.,01:00,6,6.0,cukup,"CMA,ECMWF,GFS,ICON,METEOFRANCE,UKMO",Berawan,77.2,Sedang,12.42,+/-1.13,98.0,+/-0.63,0.05,+/-0.11,12.42,+/-1.13,16.7,16.7,50.0,16.7,0.0,0.0,1.13,0.63,0.11,1.13,7,0.8571,0.0,0.0
gpm1,GPM1,2026-07-22,11.17.05.2002,Bale Redelong,provisional_catchment,yes,4.81572033808049,96.877105410688,Asia/Jakarta,Forecast Redelong representative point. BMKG ADM4 reference: 11.17.05.2002 (Bale Redelong). Initial BMKG reference for catchment point Spatial role: provisional_catchment. Area analisis provisional; menunggu konfirmasi batas DAS resmi.,02:00,6,6.0,cukup,"CMA,ECMWF,GFS,ICON,METEOFRANCE,UKMO",Berawan,77.5,Sedang,11.74,+/-0.68,97.67,+/-1.37,0.0,+/-0.0,11.74,+/-0.68,0.0,50.0,50.0,0.0,0.0,0.0,0.68,1.37,0.0,0.68,7,0.8571,0.0,0.0
gpm1,GPM1,2026-07-22,11.17.05.2002,Bale Redelong,provisional_catchment,yes,4.81572033808049,96.877105410688,Asia/Jakarta,Forecast Redelong representative point. BMKG ADM4 reference: 11.17.05.2002 (Bale Redelong). Initial BMKG reference for catchment point Spatial role: provisional_catchment. Area analisis provisional; menunggu konfirmasi batas DAS resmi.,03:00,6,6.0,cukup,"CMA,ECMWF,GFS,ICON,METEOFRANCE,UKMO",Berawan,81.6,Tinggi,11.52,+/-0.71,97.67,+/-1.11,0.0,+/-0.0,11.52,+/-0.71,0.0,33.3,66.7,0.0,0.0,0.0,0.71,1.11,0.0,0.71,7,0.8571,0.0,0.0
gpm1,GPM1,2026-07-22,11.17.05.2002,Bale Redelong,provisional_catchment,yes,4.81572033808049,96.877105410688,Asia/Jakarta,Forecast Redelong representative point. BMKG ADM4 reference: 11.17.05.2002 (Bale Redelong). Initial BMKG reference for catchment point Spatial role: provisional_catchment. Area analisis provisional; menunggu konfirmasi batas DAS resmi.,04:00,6,6.0,cukup,"CMA,ECMWF,GFS,ICON,METEOFRANCE,UKMO",Berawan,85.6,Tinggi,11.78,+/-1.16,97.67,+/-0.94,0.0,+/-0.0,11.78,+/-1.16,16.7,0.0,83.3,0.0,0.0,0.0,1.16,0.94,0.0,1.16,7,0.8571,0.0,0.0
gpm1,GPM1,2026-07-22,11.17.05.2002,Bale Redelong,provisional_catchment,yes,4.81572033808049,96.877105410688,Asia/Jakarta,Forecast Redelong representative point. BMKG ADM4 reference: 11.17.05.2002 (Bale Redelong). Initial BMKG reference for catchment point Spatial role: provisional_catchment. Area analisis provisional; menunggu konfirmasi batas DAS resmi.,05:00,6,6.0,cukup,"CMA,ECMWF,GFS,ICON,METEOFRANCE,UKMO",Berawan,77.2,Sedang,11.58,+/-1.32,97.5,+/-1.26,0.0,+/-0.0,11.58,+/-1.32,16.7,33.3,50.0,0.0,0.0,0.0,1.32,1.26,0.0,1.32,7,0.8571,0.0,0.0
gpm1,GPM1,2026-07-22,11.17.05.2002,Bale Redelong,provisional_catchment,yes,4.81572033808049,96.877105410688,Asia/Jakarta,Forecast Redelong representative point. BMKG ADM4 reference: 11.17.05.2002 (Bale Redelong). Initial BMKG reference for catchment point Spatial role: provisional_catchment. Area analisis provisional; menunggu konfirmasi batas DAS resmi.,06:00,6,6.0,cukup,"CMA,ECMWF,GFS,ICON,METEOFRANCE,UKMO",Berawan,77.1,Sedang,11.47,+/-1.52,97.67,+/-1.11,0.0,+/-0.0,11.47,+/-1.52,16.7,33.3,50.0,0.0,0.0,0.0,1.52,1.11,0.0,1.52,7,0.8571,0.0,0.0
gpm1,GPM1,2026-07-22,11.17.05.2002,Bale Redelong,provisional_catchment,yes,4.81572033808049,96.877105410688,Asia/Jakarta,Forecast Redelong representative point. BMKG ADM4 reference: 11.17.05.2002 (Bale Redelong). Initial BMKG reference for catchment point Spatial role: provisional_catchment. Area analisis provisional; menunggu konfirmasi batas DAS resmi.,07:00,6,6.0,cukup,"CMA,ECMWF,GFS,ICON,METEOFRANCE,UKMO",Cerah Berawan,77.0,Sedang,11.92,+/-1.53,95.67,+/-1.25,0.0,+/-0.0,11.92,+/-1.53,16.7,50.0,33.3,0.0,0.0,0.0,1.53,1.25,0.0,1.53,7,0.8571,0.0,0.0
gpm1,GPM1,2026-07-22,11.17.05.2002,Bale Redelong,provisional_catchment,yes,4.81572033808049,96.877105410688,Asia/Jakarta,Forecast Redelong representative point. BMKG ADM4 reference: 11.17.05.2002 (Bale Redelong). Initial BMKG reference for catchment point Spatial role: provisional_catchment. Area analisis provisional; menunggu konfirmasi batas DAS resmi.,08:00,6,6.0,cukup,"CMA,ECMWF,GFS,ICON,METEOFRANCE,UKMO",Cerah Berawan,76.9,Sedang,13.88,+/-1.41,89.83,+/-3.72,0.0,+/-0.0,13.88,+/-1.41,16.7,50.0,33.3,0.0,0.0,0.0,1.41,3.72,0.0,1.41,7,0.8571,0.0,0.0
gpm1,GPM1,2026-07-22,11.17.05.2002,Bale Redelong,provisional_catchment,yes,4.81572033808049,96.877105410688,Asia/Jakarta,Forecast Redelong representative point. BMKG ADM4 reference: 11.17.05.2002 (Bale Redelong). Initial BMKG reference for catchment point Spatial role: provisional_catchment. Area analisis provisional; menunggu konfirmasi batas DAS resmi.,09:00,6,6.0,cukup,"CMA,ECMWF,GFS,ICON,METEOFRANCE,UKMO",Cerah Berawan,85.6,Tinggi,16.38,+/-1.12,78.25,+/-1.3,0.0,+/-0.0,16.38,+/-1.12,16.7,83.3,0.0,0.0,0.0,0.0,1.12,1.3,0.0,1.12,7,0.8571,0.0,0.0
gpm1,GPM1,2026-07-22,11.17.05.2002,Bale Redelong,provisional_catchment,yes,4.81572033808049,96.877105410688,Asia/Jakarta,Forecast Redelong representative point. BMKG ADM4 reference: 11.17.05.2002 (Bale Redelong). Initial BMKG reference for catchment point Spatial role: provisional_catchment. Area analisis provisional; menunggu konfirmasi batas DAS resmi.,10:00,6,6.0,cukup,"CMA,ECMWF,GFS,ICON,METEOFRANCE,UKMO",Cerah Berawan,85.7,Tinggi,18.38,+/-0.11,70.17,+/-7.13,0.0,+/-0.0,18.38,+/-0.11,0.0,83.3,16.7,0.0,0.0,0.0,0.11,7.13,0.0,0.11,7,0.8571,0.0,0.0
gpm1,GPM1,2026-07-22,11.17.05.2002,Bale Redelong,provisional_catchment,yes,4.81572033808049,96.877105410688,Asia/Jakarta,Forecast Redelong representative point. BMKG ADM4 reference: 11.17.05.2002 (Bale Redelong). Initial BMKG reference for catchment point Spatial role: provisional_catchment. Area analisis provisional; menunggu konfirmasi batas DAS resmi.,11:00,6,6.0,cukup,"CMA,ECMWF,GFS,ICON,METEOFRANCE,UKMO",Hujan Ringan,72.6,Sedang,19.64,+/-0.64,62.6,+/-5.46,0.37,+/-0.55,19.64,+/-0.64,0.0,33.3,33.3,33.3,0.0,0.0,0.64,5.46,0.55,0.64,7,0.8571,0.0,0.0
gpm1,GPM1,2026-07-22,11.17.05.2002,Bale Redelong,provisional_catchment,yes,4.81572033808049,96.877105410688,Asia/Jakarta,Forecast Redelong representative point. BMKG ADM4 reference: 11.17.05.2002 (Bale Redelong). Initial BMKG reference for catchment point Spatial role: provisional_catchment. Area analisis provisional; menunggu konfirmasi batas DAS resmi.,12:00,6,6.0,cukup,"CMA,ECMWF,GFS,ICON,METEOFRANCE,UKMO",Hujan Ringan,77.5,Sedang,20.14,+/-0.43,56.75,+/-1.48,0.05,+/-0.09,20.14,+/-0.43,0.0,33.3,16.7,50.0,0.0,0.0,0.43,1.48,0.09,0.43,7,0.8571,0.0,0.0
gpm1,GPM1,2026-07-22,11.17.05.2002,Bale Redelong,provisional_catchment,yes,4.81572033808049,96.877105410688,Asia/Jakarta,Forecast Redelong representative point. BMKG ADM4 reference: 11.17.05.2002 (Bale Redelong). Initial BMKG reference for catchment point Spatial role: provisional_catchment. Area analisis provisional; menunggu konfirmasi batas DAS resmi.,13:00,6,6.0,cukup,"CMA,ECMWF,GFS,ICON,METEOFRANCE,UKMO",Hujan Ringan,77.0,Sedang,20.28,+/-0.67,56.25,+/-2.28,0.45,+/-0.52,20.28,+/-0.67,0.0,0.0,50.0,50.0,0.0,0.0,0.67,2.28,0.52,0.67,7,0.8571,0.0,0.0
gpm1,GPM1,2026-07-22,11.17.05.2002,Bale Redelong,provisional_catchment,yes,4.81572033808049,96.877105410688,Asia/Jakarta,Forecast Redelong representative point. BMKG ADM4 reference: 11.17.05.2002 (Bale Redelong). Initial BMKG reference for catchment point Spatial role: provisional_catchment. Area analisis provisional; menunggu konfirmasi batas DAS resmi.,14:00,6,6.0,cukup,"CMA,ECMWF,GFS,ICON,METEOFRANCE,UKMO",Hujan Ringan,81.5,Tinggi,19.78,+/-0.43,61.25,+/-2.28,0.5,+/-0.19,19.78,+/-0.43,0.0,0.0,0.0,66.7,16.7,16.7,0.43,2.28,0.19,0.43,7,0.8571,0.0,0.0
gpm1,GPM1,2026-07-22,11.17.05.2002,Bale Redelong,provisional_catchment,yes,4.81572033808049,96.877105410688,Asia/Jakarta,Forecast Redelong representative point. BMKG ADM4 reference: 11.17.05.2002 (Bale Redelong). Initial BMKG reference for catchment point Spatial role: provisional_catchment. Area analisis provisional; menunggu konfirmasi batas DAS resmi.,15:00,6,6.0,cukup,"CMA,ECMWF,GFS,ICON,METEOFRANCE,UKMO",Hujan Ringan,80.9,Tinggi,18.64,+/-0.3,79.0,+/-11.97,0.53,+/-0.18,18.64,+/-0.3,0.0,0.0,0.0,66.7,16.7,16.7,0.3,11.97,0.18,0.3,7,0.8571,0.0,0.0
gpm1,GPM1,2026-07-22,11.17.05.2002,Bale Redelong,provisional_catchment,yes,4.81572033808049,96.877105410688,Asia/Jakarta,Forecast Redelong representative point. BMKG ADM4 reference: 11.17.05.2002 (Bale Redelong). Initial BMKG reference for catchment point Spatial role: provisional_catchment. Area analisis provisional; menunggu konfirmasi batas DAS resmi.,16:00,6,6.0,cukup,"CMA,ECMWF,GFS,ICON,METEOFRANCE,UKMO",Hujan Ringan,80.8,Tinggi,17.33,+/-0.91,84.5,+/-9.52,0.55,+/-0.18,17.33,+/-0.91,0.0,0.0,0.0,66.7,33.3,0.0,0.91,9.52,0.18,0.91,7,0.8571,0.0,0.0
gpm1,GPM1,2026-07-22,11.17.05.2002,Bale Redelong,provisional_catchment,yes,4.81572033808049,96.877105410688,Asia/Jakarta,Forecast Redelong representative point. BMKG ADM4 reference: 11.17.05.2002 (Bale Redelong). Initial BMKG reference for catchment point Spatial role: provisional_catchment. Area analisis provisional; menunggu konfirmasi batas DAS resmi.,17:00,6,6.0,cukup,"CMA,ECMWF,GFS,ICON,METEOFRANCE,UKMO",Hujan Ringan,80.9,Tinggi,16.52,+/-0.89,88.5,+/-7.57,0.38,+/-0.23,16.52,+/-0.89,0.0,0.0,16.7,66.7,16.7,0.0,0.89,7.57,0.23,0.89,7,0.8571,0.0,0.0
gpm1,GPM1,2026-07-22,11.17.05.2002,Bale Redelong,provisional_catchment,yes,4.81572033808049,96.877105410688,Asia/Jakarta,Forecast Redelong representative point. BMKG ADM4 reference: 11.17.05.2002 (Bale Redelong). Initial BMKG reference for catchment point Spatial role: provisional_catchment. Area analisis provisional; menunggu konfirmasi batas DAS resmi.,18:00,6,6.0,cukup,"CMA,ECMWF,GFS,ICON,METEOFRANCE,UKMO",Hujan Ringan,81.6,Tinggi,14.8,+/-0.14,94.6,+/-3.2,0.44,+/-0.27,14.8,+/-0.14,0.0,0.0,16.7,66.7,16.7,0.0,0.14,3.2,0.27,0.14,7,0.8571,0.0,0.0
gpm1,GPM1,2026-07-22,11.17.05.2002,Bale Redelong,provisional_catchment,yes,4.81572033808049,96.877105410688,Asia/Jakarta,Forecast Redelong representative point. BMKG ADM4 reference: 11.17.05.2002 (Bale Redelong). Initial BMKG reference for catchment point Spatial role: provisional_catchment. Area analisis provisional; menunggu konfirmasi batas DAS resmi.,19:00,6,6.0,cukup,"CMA,ECMWF,GFS,ICON,METEOFRANCE,UKMO",Hujan Ringan,81.7,Tinggi,14.03,+/-0.19,96.6,+/-1.62,0.36,+/-0.23,14.03,+/-0.19,0.0,0.0,16.7,66.7,16.7,0.0,0.19,1.62,0.23,0.19,7,0.8571,0.0,0.0
gpm1,GPM1,2026-07-22,11.17.05.2002,Bale Redelong,provisional_catchment,yes,4.81572033808049,96.877105410688,Asia/Jakarta,Forecast Redelong representative point. BMKG ADM4 reference: 11.17.05.2002 (Bale Redelong). Initial BMKG reference for catchment point Spatial role: provisional_catchment. Area analisis provisional; menunggu konfirmasi batas DAS resmi.,20:00,6,6.0,cukup,"CMA,ECMWF,GFS,ICON,METEOFRANCE,UKMO",Hujan Ringan,76.8,Sedang,14.32,+/-1.36,97.4,+/-1.36,0.4,+/-0.47,14.32,+/-1.36,16.7,16.7,16.7,50.0,0.0,0.0,1.36,1.36,0.47,1.36,7,0.8571,0.0,0.0
gpm1,GPM1,2026-07-22,11.17.05.2002,Bale Redelong,provisional_catchment,yes,4.81572033808049,96.877105410688,Asia/Jakarta,Forecast Redelong representative point. BMKG ADM4 reference: 11.17.05.2002 (Bale Redelong). Initial BMKG reference for catchment point Spatial role: provisional_catchment. Area analisis provisional; menunggu konfirmasi batas DAS resmi.,21:00,6,6.0,cukup,"CMA,ECMWF,GFS,ICON,METEOFRANCE,UKMO",Hujan Ringan,76.9,Sedang,13.77,+/-1.39,97.2,+/-1.72,0.16,+/-0.23,13.77,+/-1.39,16.7,16.7,16.7,50.0,0.0,0.0,1.39,1.72,0.23,1.39,7,0.8571,0.0,0.0
gpm1,GPM1,2026-07-22,11.17.05.2002,Bale Redelong,provisional_catchment,yes,4.81572033808049,96.877105410688,Asia/Jakarta,Forecast Redelong representative point. BMKG ADM4 reference: 11.17.05.2002 (Bale Redelong). Initial BMKG reference for catchment point Spatial role: provisional_catchment. Area analisis provisional; menunggu konfirmasi batas DAS resmi.,22:00,6,6.0,cukup,"CMA,ECMWF,GFS,ICON,METEOFRANCE,UKMO",Hujan Ringan,72.5,Sedang,13.25,+/-1.49,97.0,+/-2.1,0.32,+/-0.49,13.25,+/-1.49,16.7,16.7,33.3,33.3,0.0,0.0,1.49,2.1,0.49,1.49,7,0.8571,0.0,0.0
gpm1,GPM1,2026-07-22,11.17.05.2002,Bale Redelong,provisional_catchment,yes,4.81572033808049,96.877105410688,Asia/Jakarta,Forecast Redelong representative point. BMKG ADM4 reference: 11.17.05.2002 (Bale Redelong). Initial BMKG reference for catchment point Spatial role: provisional_catchment. Area analisis provisional; menunggu konfirmasi batas DAS resmi.,23:00,6,6.0,cukup,"CMA,ECMWF,GFS,ICON,METEOFRANCE,UKMO",Berawan,76.4,Sedang,12.8,+/-1.66,96.5,+/-2.22,0.28,+/-0.63,12.8,+/-1.66,16.7,16.7,50.0,16.7,0.0,0.0,1.66,2.22,0.63,1.66,7,0.8571,0.0,0.0
gpm2,GPM2,2026-07-19,11.17.05.2002,Bale Redelong,provisional_catchment,yes,4.811672965065149,96.9505347134354,Asia/Jakarta,Forecast Redelong representative point. BMKG ADM4 reference: 11.17.05.2002 (Bale Redelong). Initial BMKG reference for catchment point Spatial role: provisional_catchment. Area analisis provisional; menunggu konfirmasi batas DAS resmi.,00:00,6,6.0,cukup,"CMA,ECMWF,GFS,ICON,METEOFRANCE,UKMO",Hujan Ringan,77.4,Sedang,16.98,+/-0.45,97.17,+/-1.67,0.23,+/-0.26,16.98,+/-0.45,0.0,33.3,16.7,50.0,0.0,0.0,0.45,1.67,0.26,0.45,7,0.8571,0.0,0.0
gpm2,GPM2,2026-07-19,11.17.05.2002,Bale Redelong,provisional_catchment,yes,4.811672965065149,96.9505347134354,Asia/Jakarta,Forecast Redelong representative point. BMKG ADM4 reference: 11.17.05.2002 (Bale Redelong). Initial BMKG reference for catchment point Spatial role: provisional_catchment. Area analisis provisional; menunggu konfirmasi batas DAS resmi.,01:00,6,6.0,cukup,"CMA,ECMWF,GFS,ICON,METEOFRANCE,UKMO",Hujan Ringan,77.4,Sedang,16.6,+/-0.59,96.5,+/-2.14,0.08,+/-0.12,16.6,+/-0.59,0.0,16.7,33.3,50.0,0.0,0.0,0.59,2.14,0.12,0.59,7,0.8571,0.0,0.0
gpm2,GPM2,2026-07-19,11.17.05.2002,Bale Redelong,provisional_catchment,yes,4.811672965065149,96.9505347134354,Asia/Jakarta,Forecast Redelong representative point. BMKG ADM4 reference: 11.17.05.2002 (Bale Redelong). Initial BMKG reference for catchment point Spatial role: provisional_catchment. Area analisis provisional; menunggu konfirmasi batas DAS resmi.,02:00,6,6.0,cukup,"CMA,ECMWF,GFS,ICON,METEOFRANCE,UKMO",Berawan,77.3,Sedang,16.32,+/-0.61,96.17,+/-2.19,0.12,+/-0.19,16.32,+/-0.61,16.7,0.0,50.0,33.3,0.0,0.0,0.61,2.19,0.19,0.61,7,0.8571,0.0,0.0
gpm2,GPM2,2026-07-19,11.17.05.2002,Bale Redelong,provisional_catchment,yes,4.811672965065149,96.9505347134354,Asia/Jakarta,Forecast Redelong representative point. BMKG ADM4 reference: 11.17.05.2002 (Bale Redelong). Initial BMKG reference for catchment point Spatial role: provisional_catchment. Area analisis provisional; menunggu konfirmasi batas DAS resmi.,03:00,6,6.0,cukup,"CMA,ECMWF,GFS,ICON,METEOFRANCE,UKMO",Berawan,76.9,Sedang,16.67,+/-1.42,95.83,+/-2.11,0.1,+/-0.15,16.67,+/-1.42,16.7,0.0,50.0,33.3,0.0,0.0,1.42,2.11,0.15,1.42,7,0.8571,0.0,0.0
gpm2,GPM2,2026-07-19,11.17.05.2002,Bale Redelong,provisional_catchment,yes,4.811672965065149,96.9505347134354,Asia/Jakarta,Forecast Redelong representative point. BMKG ADM4 reference: 11.17.05.2002 (Bale Redelong). Initial BMKG reference for catchment point Spatial role: provisional_catchment. Area analisis provisional; menunggu konfirmasi batas DAS resmi.,04:00,6,6.0,cukup,"CMA,ECMWF,GFS,ICON,METEOFRANCE,UKMO",Cerah Berawan,77.0,Sedang,16.52,+/-1.38,95.33,+/-2.05,0.07,+/-0.09,16.52,+/-1.38,0.0,50.0,16.7,33.3,0.0,0.0,1.38,2.05,0.09,1.38,7,0.8571,0.0,0.0
gpm2,GPM2,2026-07-19,11.17.05.2002,Bale Redelong,provisional_catchment,yes,4.811672965065149,96.9505347134354,Asia/Jakarta,Forecast Redelong representative point. BMKG ADM4 reference: 11.17.05.2002 (Bale Redelong). Initial BMKG reference for catchment point Spatial role: provisional_catchment. Area analisis provisional; menunggu konfirmasi batas DAS resmi.,05:00,6,6.0,cukup,"CMA,ECMWF,GFS,ICON,METEOFRANCE,UKMO",Berawan,72.8,Sedang,16.43,+/-1.34,95.17,+/-2.97,0.05,+/-0.11,16.43,+/-1.34,16.7,33.3,33.3,16.7,0.0,0.0,1.34,2.97,0.11,1.34,7,0.8571,0.0,0.0
gpm2,GPM2,2026-07-19,11.17.05.2002,Bale Redelong,provisional_catchment,yes,4.811672965065149,96.9505347134354,Asia/Jakarta,Forecast Redelong representative point. BMKG ADM4 reference: 11.17.05.2002 (Bale Redelong). Initial BMKG reference for catchment point Spatial role: provisional_catchment. Area analisis provisional; menunggu konfirmasi batas DAS resmi.,06:00,6,6.0,cukup,"CMA,ECMWF,GFS,ICON,METEOFRANCE,UKMO",Cerah,73.3,Sedang,16.43,+/-0.18,94.5,+/-3.95,0.02,+/-0.04,16.43,+/-0.18,33.3,16.7,33.3,16.7,0.0,0.0,0.18,3.95,0.04,0.18,7,0.8571,0.0,0.0
gpm2,GPM2,2026-07-19,11.17.05.2002,Bale Redelong,provisional_catchment,yes,4.811672965065149,96.9505347134354,Asia/Jakarta,Forecast Redelong representative point. BMKG ADM4 reference: 11.17.05.2002 (Bale Redelong). Initial BMKG reference for catchment point Spatial role: provisional_catchment. Area analisis provisional; menunggu konfirmasi batas DAS resmi.,07:00,6,6.0,cukup,"CMA,ECMWF,GFS,ICON,METEOFRANCE,UKMO",Berawan,81.2,Tinggi,16.75,+/-1.07,93.67,+/-5.02,0.0,+/-0.0,16.75,+/-1.07,16.7,16.7,66.7,0.0,0.0,0.0,1.07,5.02,0.0,1.07,7,0.8571,0.0,0.0
gpm2,GPM2,2026-07-19,11.17.05.2002,Bale Redelong,provisional_catchment,yes,4.811672965065149,96.9505347134354,Asia/Jakarta,Forecast Redelong representative point. BMKG ADM4 reference: 11.17.05.2002 (Bale Redelong). Initial BMKG reference for catchment point Spatial role: provisional_catchment. Area analisis provisional; menunggu konfirmasi batas DAS resmi.,08:00,6,6.0,cukup,"CMA,ECMWF,GFS,ICON,METEOFRANCE,UKMO",Berawan,81.3,Tinggi,18.57,+/-0.66,91.17,+/-5.4,0.02,+/-0.04,18.57,+/-0.66,0.0,16.7,66.7,16.7,0.0,0.0,0.66,5.4,0.04,0.66,7,0.8571,0.0,0.0
gpm2,GPM2,2026-07-19,11.17.05.2002,Bale Redelong,provisional_catchment,yes,4.811672965065149,96.9505347134354,Asia/Jakarta,Forecast Redelong representative point. BMKG ADM4 reference: 11.17.05.2002 (Bale Redelong). Initial BMKG reference for catchment point Spatial role: provisional_catchment. Area analisis provisional; menunggu konfirmasi batas DAS resmi.,09:00,6,6.0,cukup,"CMA,ECMWF,GFS,ICON,METEOFRANCE,UKMO",Hujan Ringan,73.3,Sedang,19.88,+/-0.28,83.4,+/-1.96,0.08,+/-0.15,19.88,+/-0.28,0.0,33.3,33.3,33.3,0.0,0.0,0.28,1.96,0.15,0.28,7,0.8571,0.0,0.0
gpm2,GPM2,2026-07-19,11.17.05.2002,Bale Redelong,provisional_catchment,yes,4.811672965065149,96.9505347134354,Asia/Jakarta,Forecast Redelong representative point. BMKG ADM4 reference: 11.17.05.2002 (Bale Redelong). Initial BMKG reference for catchment point Spatial role: provisional_catchment. Area analisis provisional; menunggu konfirmasi batas DAS resmi.,10:00,6,6.0,cukup,"CMA,ECMWF,GFS,ICON,METEOFRANCE,UKMO",Hujan Ringan,73.4,Sedang,21.0,+/-0.27,80.5,+/-0.5,0.12,+/-0.22,21.0,+/-0.27,0.0,33.3,33.3,33.3,0.0,0.0,0.27,0.5,0.22,0.27,7,0.8571,0.0,0.0
gpm2,GPM2,2026-07-19,11.17.05.2002,Bale Redelong,provisional_catchment,yes,4.811672965065149,96.9505347134354,Asia/Jakarta,Forecast Redelong representative point. BMKG ADM4 reference: 11.17.05.2002 (Bale Redelong). Initial BMKG reference for catchment point Spatial role: provisional_catchment. Area analisis provisional; menunggu konfirmasi batas DAS resmi.,11:00,6,6.0,cukup,"CMA,ECMWF,GFS,ICON,METEOFRANCE,UKMO",Hujan Ringan,81.3,Tinggi,21.72,+/-0.62,77.83,+/-4.81,0.1,+/-0.1,21.72,+/-0.62,0.0,16.7,16.7,66.7,0.0,0.0,0.62,4.81,0.1,0.62,7,0.8571,0.0,0.0
gpm2,GPM2,2026-07-19,11.17.05.2002,Bale Redelong,provisional_catchment,yes,4.811672965065149,96.9505347134354,Asia/Jakarta,Forecast Redelong representative point. BMKG ADM4 reference: 11.17.05.2002 (Bale Redelong). Initial BMKG reference for catchment point Spatial role: provisional_catchment. Area analisis provisional; menunggu konfirmasi batas DAS resmi.,12:00,7,6.6868,cukup,"BMKG,CMA,ECMWF,GFS,ICON,METEOFRANCE,UKMO",Hujan Ringan,91.8,Tinggi,21.63,+/-1.91,83.08,+/-8.06,1.03,+/-0.8,21.63,+/-1.91,0.0,0.0,15.0,85.0,0.0,0.0,1.91,8.06,0.8,1.91,7,1.0,25.71,180.0
gpm2,GPM2,2026-07-19,11.17.05.2002,Bale Redelong,provisional_catchment,yes,4.811672965065149,96.9505347134354,Asia/Jakarta,Forecast Redelong representative point. BMKG ADM4 reference: 11.17.05.2002 (Bale Redelong). Initial BMKG reference for catchment point Spatial role: provisional_catchment. Area analisis provisional; menunggu konfirmasi batas DAS resmi.,13:00,7,6.6868,cukup,"BMKG,CMA,ECMWF,GFS,ICON,METEOFRANCE,UKMO",Hujan Ringan,88.6,Tinggi,21.0,+/-1.78,90.83,+/-3.87,1.87,+/-0.65,21.0,+/-1.78,0.0,0.0,0.0,70.1,15.0,15.0,1.78,3.87,0.65,1.78,7,1.0,17.14,120.0
gpm2,GPM2,2026-07-19,11.17.05.2002,Bale Redelong,provisional_catchment,yes,4.811672965065149,96.9505347134354,Asia/Jakarta,Forecast Redelong representative point. BMKG ADM4 reference: 11.17.05.2002 (Bale Redelong). Initial BMKG reference for catchment point Spatial role: provisional_catchment. Area analisis provisional; menunggu konfirmasi batas DAS resmi.,14:00,7,6.9366,cukup,"BMKG,CMA,ECMWF,GFS,ICON,METEOFRANCE,UKMO",Hujan Sedang,82.7,Tinggi,20.41,+/-1.25,92.27,+/-4.42,3.27,+/-1.06,20.41,+/-1.25,0.0,0.0,0.0,27.9,43.2,28.8,1.25,4.42,1.06,1.25,7,1.0,8.57,60.0
gpm2,GPM2,2026-07-19,11.17.05.2002,Bale Redelong,provisional_catchment,yes,4.811672965065149,96.9505347134354,Asia/Jakarta,Forecast Redelong representative point. BMKG ADM4 reference: 11.17.05.2002 (Bale Redelong). Initial BMKG reference for catchment point Spatial role: provisional_catchment. Area analisis provisional; menunggu konfirmasi batas DAS resmi.,15:00,7,7.2488,cukup,"BMKG,CMA,ECMWF,GFS,ICON,METEOFRANCE,UKMO",Hujan Sedang,84.1,Tinggi,20.2,+/-1.14,92.62,+/-2.98,3.38,+/-0.18,20.2,+/-1.14,0.0,0.0,0.0,31.0,41.4,27.6,1.14,2.98,0.18,1.14,7,1.0,0.0,0.0
gpm2,GPM2,2026-07-19,11.17.05.2002,Bale Redelong,provisional_catchment,yes,4.811672965065149,96.9505347134354,Asia/Jakarta,Forecast Redelong representative point. BMKG ADM4 reference: 11.17.05.2002 (Bale Redelong). Initial BMKG reference for catchment point Spatial role: provisional_catchment. Area analisis provisional; menunggu konfirmasi batas DAS resmi.,16:00,7,6.9366,cukup,"BMKG,CMA,ECMWF,GFS,ICON,METEOFRANCE,UKMO",Hujan Ringan,81.9,Tinggi,19.3,+/-0.48,94.14,+/-2.11,3.92,+/-2.5,19.3,+/-0.48,0.0,0.0,0.0,42.3,28.8,28.8,0.48,2.11,2.5,0.48,7,1.0,8.57,60.0
gpm2,GPM2,2026-07-19,11.17.05.2002,Bale Redelong,provisional_catchment,yes,4.811672965065149,96.9505347134354,Asia/Jakarta,Forecast Redelong representative point. BMKG ADM4 reference: 11.17.05.2002 (Bale Redelong). Initial BMKG reference for catchment point Spatial role: provisional_catchment. Area analisis provisional; menunggu konfirmasi batas DAS resmi.,17:00,7,6.9366,cukup,"BMKG,CMA,ECMWF,GFS,ICON,METEOFRANCE,UKMO",Hujan Ringan,86.1,Tinggi,19.04,+/-0.51,94.69,+/-2.37,2.47,+/-1.97,19.04,+/-0.51,0.0,0.0,13.5,57.7,14.4,14.4,0.51,2.37,1.97,0.51,7,1.0,8.57,60.0
gpm2,GPM2,2026-07-19,11.17.05.2002,Bale Redelong,provisional_catchment,yes,4.811672965065149,96.9505347134354,Asia/Jakarta,Forecast Redelong representative point. BMKG ADM4 reference: 11.17.05.2002 (Bale Redelong). Initial BMKG reference for catchment point Spatial role: provisional_catchment. Area analisis provisional; menunggu konfirmasi batas DAS resmi.,18:00,7,7.2488,cukup,"BMKG,CMA,ECMWF,GFS,ICON,METEOFRANCE,UKMO",Hujan Ringan,90.6,Tinggi,18.46,+/-0.34,95.76,+/-1.04,1.77,+/-1.38,18.46,+/-0.34,0.0,0.0,17.2,69.0,13.8,0.0,0.34,1.04,1.38,0.34,7,1.0,0.0,0.0
gpm2,GPM2,2026-07-19,11.17.05.2002,Bale Redelong,provisional_catchment,yes,4.811672965065149,96.9505347134354,Asia/Jakarta,Forecast Redelong representative point. BMKG ADM4 reference: 11.17.05.2002 (Bale Redelong). Initial BMKG reference for catchment point Spatial role: provisional_catchment. Area analisis provisional; menunggu konfirmasi batas DAS resmi.,19:00,7,6.9366,cukup,"BMKG,CMA,ECMWF,GFS,ICON,METEOFRANCE,UKMO",Hujan Ringan,90.8,Tinggi,17.78,+/-0.48,96.86,+/-1.13,0.85,+/-0.6,17.78,+/-0.48,0.0,0.0,27.9,72.1,0.0,0.0,0.48,1.13,0.6,0.48,7,1.0,8.57,60.0
gpm2,GPM2,2026-07-19,11.17.05.2002,Bale Redelong,provisional_catchment,yes,4.811672965065149,96.9505347134354,Asia/Jakarta,Forecast Redelong representative point. BMKG ADM4 reference: 11.17.05.2002 (Bale Redelong). Initial BMKG reference for catchment point Spatial role: provisional_catchment. Area analisis provisional; menunggu konfirmasi batas DAS resmi.,20:00,7,6.9366,cukup,"BMKG,CMA,ECMWF,GFS,ICON,METEOFRANCE,UKMO",Hujan Ringan,87.5,Tinggi,17.45,+/-0.35,97.43,+/-1.3,0.37,+/-0.37,17.45,+/-0.35,13.5,0.0,28.8,57.7,0.0,0.0,0.35,1.3,0.37,0.35,7,1.0,8.57,60.0
gpm2,GPM2,2026-07-19,11.17.05.2002,Bale Redelong,provisional_catchment,yes,4.811672965065149,96.9505347134354,Asia/Jakarta,Forecast Redelong representative point. BMKG ADM4 reference: 11.17.05.2002 (Bale Redelong). Initial BMKG reference for catchment point Spatial role: provisional_catchment. Area analisis provisional; menunggu konfirmasi batas DAS resmi.,21:00,7,7.2488,cukup,"BMKG,CMA,ECMWF,GFS,ICON,METEOFRANCE,UKMO",Hujan Ringan,88.0,Tinggi,17.34,+/-0.33,97.14,+/-0.97,0.32,+/-0.33,17.34,+/-0.33,17.2,0.0,27.6,55.2,0.0,0.0,0.33,0.97,0.33,0.33,7,1.0,0.0,0.0
gpm2,GPM2,2026-07-19,11.17.05.2002,Bale Redelong,provisional_catchment,yes,4.811672965065149,96.9505347134354,Asia/Jakarta,Forecast Redelong representative point. BMKG ADM4 reference: 11.17.05.2002 (Bale Redelong). Initial BMKG reference for catchment point Spatial role: provisional_catchment. Area analisis provisional; menunggu konfirmasi batas DAS resmi.,22:00,7,6.9366,cukup,"BMKG,CMA,ECMWF,GFS,ICON,METEOFRANCE,UKMO",Berawan,84.1,Tinggi,17.15,+/-0.37,96.71,+/-1.28,0.08,+/-0.09,17.15,+/-0.37,13.5,0.0,43.2,43.2,0.0,0.0,0.37,1.28,0.09,0.37,7,1.0,8.57,60.0
gpm2,GPM2,2026-07-19,11.17.05.2002,Bale Redelong,provisional_catchment,yes,4.811672965065149,96.9505347134354,Asia/Jakarta,Forecast Redelong representative point. BMKG ADM4 reference: 11.17.05.2002 (Bale Redelong). Initial BMKG reference for catchment point Spatial role: provisional_catchment. Area analisis provisional; menunggu konfirmasi batas DAS resmi.,23:00,7,6.6868,cukup,"BMKG,CMA,ECMWF,GFS,ICON,METEOFRANCE,UKMO",Berawan,83.2,Tinggi,16.7,+/-0.71,96.4,+/-1.62,0.17,+/-0.33,16.7,+/-0.71,10.3,15.0,44.9,29.9,0.0,0.0,0.71,1.62,0.33,0.71,7,1.0,17.14,120.0
gpm2,GPM2,2026-07-20,11.17.05.2002,Bale Redelong,provisional_catchment,yes,4.811672965065149,96.9505347134354,Asia/Jakarta,Forecast Redelong representative point. BMKG ADM4 reference: 11.17.05.2002 (Bale Redelong). Initial BMKG reference for catchment point Spatial role: provisional_catchment. Area analisis provisional; menunggu konfirmasi batas DAS resmi.,00:00,7,7.216,cukup,"BMKG,CMA,ECMWF,GFS,ICON,METEOFRANCE,UKMO",Berawan,83.7,Tinggi,16.83,+/-1.45,96.42,+/-1.89,0.22,+/-0.44,16.83,+/-1.45,0.0,30.7,41.6,27.7,0.0,0.0,1.45,1.89,0.44,1.45,7,1.0,0.0,0.0
gpm2,GPM2,2026-07-20,11.17.05.2002,Bale Redelong,provisional_catchment,yes,4.811672965065149,96.9505347134354,Asia/Jakarta,Forecast Redelong representative point. BMKG ADM4 reference: 11.17.05.2002 (Bale Redelong). Initial BMKG reference for catchment point Spatial role: provisional_catchment. Area analisis provisional; menunggu konfirmasi batas DAS resmi.,01:00,7,6.912,cukup,"BMKG,CMA,ECMWF,GFS,ICON,METEOFRANCE,UKMO",Berawan,83.5,Tinggi,16.15,+/-0.69,96.29,+/-2.06,0.25,+/-0.48,16.15,+/-0.69,0.0,27.7,43.4,28.9,0.0,0.0,0.69,2.06,0.48,0.69,7,1.0,8.57,60.0
gpm2,GPM2,2026-07-20,11.17.05.2002,Bale Redelong,provisional_catchment,yes,4.811672965065149,96.9505347134354,Asia/Jakarta,Forecast Redelong representative point. BMKG ADM4 reference: 11.17.05.2002 (Bale Redelong). Initial BMKG reference for catchment point Spatial role: provisional_catchment. Area analisis provisional; menunggu konfirmasi batas DAS resmi.,02:00,7,6.912,cukup,"BMKG,CMA,ECMWF,GFS,ICON,METEOFRANCE,UKMO",Hujan Ringan,86.9,Tinggi,16.39,+/-1.53,96.84,+/-2.37,0.12,+/-0.13,16.39,+/-1.53,0.0,14.5,27.7,57.9,0.0,0.0,1.53,2.37,0.13,1.53,7,1.0,8.57,60.0
gpm2,GPM2,2026-07-20,11.17.05.2002,Bale Redelong,provisional_catchment,yes,4.811672965065149,96.9505347134354,Asia/Jakarta,Forecast Redelong representative point. BMKG ADM4 reference: 11.17.05.2002 (Bale Redelong). Initial BMKG reference for catchment point Spatial role: provisional_catchment. Area analisis provisional; menunggu konfirmasi batas DAS resmi.,03:00,7,7.216,cukup,"BMKG,CMA,ECMWF,GFS,ICON,METEOFRANCE,UKMO",Hujan Ringan,87.0,Tinggi,16.34,+/-1.47,96.61,+/-1.75,0.73,+/-0.78,16.34,+/-1.47,13.9,0.0,30.7,55.4,0.0,0.0,1.47,1.75,0.78,1.47,7,1.0,0.0,0.0
gpm2,GPM2,2026-07-20,11.17.05.2002,Bale Redelong,provisional_catchment,yes,4.811672965065149,96.9505347134354,Asia/Jakarta,Forecast Redelong representative point. BMKG ADM4 reference: 11.17.05.2002 (Bale Redelong). Initial BMKG reference for catchment point Spatial role: provisional_catchment. Area analisis provisional; menunggu konfirmasi batas DAS resmi.,04:00,7,6.912,cukup,"BMKG,CMA,ECMWF,GFS,ICON,METEOFRANCE,UKMO",Hujan Ringan,86.5,Tinggi,16.29,+/-1.56,96.55,+/-1.68,0.77,+/-0.81,16.29,+/-1.56,14.5,0.0,27.7,57.9,0.0,0.0,1.56,1.68,0.81,1.56,7,1.0,8.57,60.0
gpm2,GPM2,2026-07-20,11.17.05.2002,Bale Redelong,provisional_catchment,yes,4.811672965065149,96.9505347134354,Asia/Jakarta,Forecast Redelong representative point. BMKG ADM4 reference: 11.17.05.2002 (Bale Redelong). Initial BMKG reference for catchment point Spatial role: provisional_catchment. Area analisis provisional; menunggu konfirmasi batas DAS resmi.,05:00,7,6.912,cukup,"BMKG,CMA,ECMWF,GFS,ICON,METEOFRANCE,UKMO",Hujan Ringan,87.2,Tinggi,15.85,+/-0.72,95.74,+/-2.05,0.32,+/-0.29,15.85,+/-0.72,14.5,13.2,14.5,57.9,0.0,0.0,0.72,2.05,0.29,0.72,7,1.0,8.57,60.0
gpm2,GPM2,2026-07-20,11.17.05.2002,Bale Redelong,provisional_catchment,yes,4.811672965065149,96.9505347134354,Asia/Jakarta,Forecast Redelong representative point. BMKG ADM4 reference: 11.17.05.2002 (Bale Redelong). Initial BMKG reference for catchment point Spatial role: provisional_catchment. Area analisis provisional; menunggu konfirmasi batas DAS resmi.,06:00,7,7.216,cukup,"BMKG,CMA,ECMWF,GFS,ICON,METEOFRANCE,UKMO",Hujan Ringan,87.8,Tinggi,15.92,+/-0.7,95.11,+/-2.44,0.13,+/-0.11,15.92,+/-0.7,13.9,16.9,13.9,55.4,0.0,0.0,0.7,2.44,0.11,0.7,7,1.0,0.0,0.0
gpm2,GPM2,2026-07-20,11.17.05.2002,Bale Redelong,provisional_catchment,yes,4.811672965065149,96.9505347134354,Asia/Jakarta,Forecast Redelong representative point. BMKG ADM4 reference: 11.17.05.2002 (Bale Redelong). Initial BMKG reference for catchment point Spatial role: provisional_catchment. Area analisis provisional; menunggu konfirmasi batas DAS resmi.,07:00,7,6.912,cukup,"BMKG,CMA,ECMWF,GFS,ICON,METEOFRANCE,UKMO",Hujan Ringan,83.8,Tinggi,16.36,+/-0.55,94.14,+/-3.2,0.12,+/-0.12,16.36,+/-0.55,14.5,13.2,28.9,43.4,0.0,0.0,0.55,3.2,0.12,0.55,7,1.0,8.57,60.0
gpm2,GPM2,2026-07-20,11.17.05.2002,Bale Redelong,provisional_catchment,yes,4.811672965065149,96.9505347134354,Asia/Jakarta,Forecast Redelong representative point. BMKG ADM4 reference: 11.17.05.2002 (Bale Redelong). Initial BMKG reference for catchment point Spatial role: provisional_catchment. Area analisis provisional; menunggu konfirmasi batas DAS resmi.,08:00,7,6.912,cukup,"BMKG,CMA,ECMWF,GFS,ICON,METEOFRANCE,UKMO",Berawan,83.6,Tinggi,18.06,+/-0.34,90.73,+/-5.96,0.1,+/-0.15,18.06,+/-0.34,27.7,0.0,43.4,28.9,0.0,0.0,0.34,5.96,0.15,0.34,7,1.0,8.57,60.0
gpm2,GPM2,2026-07-20,11.17.05.2002,Bale Redelong,provisional_catchment,yes,4.811672965065149,96.9505347134354,Asia/Jakarta,Forecast Redelong representative point. BMKG ADM4 reference: 11.17.05.2002 (Bale Redelong). Initial BMKG reference for catchment point Spatial role: provisional_catchment. Area analisis provisional; menunggu konfirmasi batas DAS resmi.,09:00,7,7.216,cukup,"BMKG,CMA,ECMWF,GFS,ICON,METEOFRANCE,UKMO",Berawan,84.1,Tinggi,20.03,+/-0.99,87.33,+/-2.36,0.17,+/-0.24,20.03,+/-0.99,30.7,0.0,41.6,27.7,0.0,0.0,0.99,2.36,0.24,0.99,7,1.0,0.0,0.0
gpm2,GPM2,2026-07-20,11.17.05.2002,Bale Redelong,provisional_catchment,yes,4.811672965065149,96.9505347134354,Asia/Jakarta,Forecast Redelong representative point. BMKG ADM4 reference: 11.17.05.2002 (Bale Redelong). Initial BMKG reference for catchment point Spatial role: provisional_catchment. Area analisis provisional; menunggu konfirmasi batas DAS resmi.,10:00,7,6.912,cukup,"BMKG,CMA,ECMWF,GFS,ICON,METEOFRANCE,UKMO",Hujan Ringan,83.9,Tinggi,20.56,+/-0.4,84.8,+/-1.47,0.18,+/-0.2,20.56,+/-0.4,13.2,14.5,28.9,43.4,0.0,0.0,0.4,1.47,0.2,0.4,7,1.0,8.57,60.0
gpm2,GPM2,2026-07-20,11.17.05.2002,Bale Redelong,provisional_catchment,yes,4.811672965065149,96.9505347134354,Asia/Jakarta,Forecast Redelong representative point. BMKG ADM4 reference: 11.17.05.2002 (Bale Redelong). Initial BMKG reference for catchment point Spatial role: provisional_catchment. Area analisis provisional; menunggu konfirmasi batas DAS resmi.,11:00,7,6.912,cukup,"BMKG,CMA,ECMWF,GFS,ICON,METEOFRANCE,UKMO",Hujan Ringan,86.8,Tinggi,22.15,+/-1.35,83.2,+/-2.14,0.6,+/-0.47,22.15,+/-1.35,13.2,0.0,14.5,57.9,0.0,14.5,1.35,2.14,0.47,1.35,7,1.0,8.57,60.0
gpm2,GPM2,2026-07-20,11.17.05.2002,Bale Redelong,provisional_catchment,yes,4.811672965065149,96.9505347134354,Asia/Jakarta,Forecast Redelong representative point. BMKG ADM4 reference: 11.17.05.2002 (Bale Redelong). Initial BMKG reference for catchment point Spatial role: provisional_catchment. Area analisis provisional; menunggu konfirmasi batas DAS resmi.,12:00,7,7.216,cukup,"BMKG,CMA,ECMWF,GFS,ICON,METEOFRANCE,UKMO",Hujan Ringan,90.0,Tinggi,22.2,+/-1.41,80.63,+/-8.83,0.95,+/-0.6,22.2,+/-1.41,16.9,0.0,0.0,69.3,0.0,13.9,1.41,8.83,0.6,1.41,7,1.0,0.0,0.0
gpm2,GPM2,2026-07-20,11.17.05.2002,Bale Redelong,provisional_catchment,yes,4.811672965065149,96.9505347134354,Asia/Jakarta,Forecast Redelong representative point. BMKG ADM4 reference: 11.17.05.2002 (Bale Redelong). Initial BMKG reference for catchment point Spatial role: provisional_catchment. Area analisis provisional; menunggu konfirmasi batas DAS resmi.,13:00,7,6.912,cukup,"BMKG,CMA,ECMWF,GFS,ICON,METEOFRANCE,UKMO",Hujan Ringan,82.6,Tinggi,21.52,+/-0.81,82.81,+/-9.79,1.52,+/-0.86,21.52,+/-0.81,13.2,0.0,0.0,43.4,14.5,28.9,0.81,9.79,0.86,0.81,7,1.0,8.57,60.0
gpm2,GPM2,2026-07-20,11.17.05.2002,Bale Redelong,provisional_catchment,yes,4.811672965065149,96.9505347134354,Asia/Jakarta,Forecast Redelong representative point. BMKG ADM4 reference: 11.17.05.2002 (Bale Redelong). Initial BMKG reference for catchment point Spatial role: provisional_catchment. Area analisis provisional; menunggu konfirmasi batas DAS resmi.,14:00,7,6.912,cukup,"BMKG,CMA,ECMWF,GFS,ICON,METEOFRANCE,UKMO",Hujan Sedang,82.1,Tinggi,21.07,+/-1.41,88.63,+/-6.45,3.02,+/-1.43,21.07,+/-1.41,0.0,0.0,0.0,42.1,43.4,14.5,1.41,6.45,1.43,1.41,7,1.0,8.57,60.0
gpm2,GPM2,2026-07-20,11.17.05.2002,Bale Redelong,provisional_catchment,yes,4.811672965065149,96.9505347134354,Asia/Jakarta,Forecast Redelong representative point. BMKG ADM4 reference: 11.17.05.2002 (Bale Redelong). Initial BMKG reference for catchment point Spatial role: provisional_catchment. Area analisis provisional; menunggu konfirmasi batas DAS resmi.,15:00,7,7.216,cukup,"BMKG,CMA,ECMWF,GFS,ICON,METEOFRANCE,UKMO",Hujan Ringan,87.0,Tinggi,20.43,+/-1.61,90.65,+/-6.19,2.53,+/-1.2,20.43,+/-1.61,0.0,0.0,0.0,58.4,27.7,13.9,1.61,6.19,1.2,1.61,7,1.0,0.0,0.0
gpm2,GPM2,2026-07-20,11.17.05.2002,Bale Redelong,provisional_catchment,yes,4.811672965065149,96.9505347134354,Asia/Jakarta,Forecast Redelong representative point. BMKG ADM4 reference: 11.17.05.2002 (Bale Redelong). Initial BMKG reference for catchment point Spatial role: provisional_catchment. Area analisis provisional; menunggu konfirmasi batas DAS resmi.,16:00,7,6.912,cukup,"BMKG,CMA,ECMWF,GFS,ICON,METEOFRANCE,UKMO",Hujan Ringan,82.1,Tinggi,19.97,+/-1.5,91.96,+/-4.83,2.13,+/-1.14,19.97,+/-1.5,0.0,0.0,14.5,42.1,28.9,14.5,1.5,4.83,1.14,1.5,7,1.0,8.57,60.0
gpm2,GPM2,2026-07-20,11.17.05.2002,Bale Redelong,provisional_catchment,yes,4.811672965065149,96.9505347134354,Asia/Jakarta,Forecast Redelong representative point. BMKG ADM4 reference: 11.17.05.2002 (Bale Redelong). Initial BMKG reference for catchment point Spatial role: provisional_catchment. Area analisis provisional; menunggu konfirmasi batas DAS resmi.,17:00,7,6.912,cukup,"BMKG,CMA,ECMWF,GFS,ICON,METEOFRANCE,UKMO",Hujan Ringan,86.4,Tinggi,19.17,+/-1.52,94.58,+/-2.68,1.07,+/-0.83,19.17,+/-1.52,0.0,13.2,0.0,57.9,14.5,14.5,1.52,2.68,0.83,1.52,7,1.0,8.57,60.0
gpm2,GPM2,2026-07-20,11.17.05.2002,Bale Redelong,provisional_catchment,yes,4.811672965065149,96.9505347134354,Asia/Jakarta,Forecast Redelong representative point. BMKG ADM4 reference: 11.17.05.2002 (Bale Redelong). Initial BMKG reference for catchment point Spatial role: provisional_catchment. Area analisis provisional; menunggu konfirmasi batas DAS resmi.,18:00,7,7.216,cukup,"BMKG,CMA,ECMWF,GFS,ICON,METEOFRANCE,UKMO",Hujan Ringan,90.8,Tinggi,18.71,+/-1.41,95.94,+/-1.7,0.34,+/-0.27,18.71,+/-1.41,0.0,16.9,13.9,69.3,0.0,0.0,1.41,1.7,0.27,1.41,7,1.0,0.0,0.0
gpm2,GPM2,2026-07-20,11.17.05.2002,Bale Redelong,provisional_catchment,yes,4.811672965065149,96.9505347134354,Asia/Jakarta,Forecast Redelong representative point. BMKG ADM4 reference: 11.17.05.2002 (Bale Redelong). Initial BMKG reference for catchment point Spatial role: provisional_catchment. Area analisis provisional; menunggu konfirmasi batas DAS resmi.,19:00,7,6.912,cukup,"BMKG,CMA,ECMWF,GFS,ICON,METEOFRANCE,UKMO",Hujan Ringan,90.5,Tinggi,18.25,+/-1.42,96.89,+/-1.71,0.42,+/-0.37,18.25,+/-1.42,0.0,13.2,14.5,72.3,0.0,0.0,1.42,1.71,0.37,1.42,7,1.0,8.57,60.0
gpm2,GPM2,2026-07-20,11.17.05.2002,Bale Redelong,provisional_catchment,yes,4.811672965065149,96.9505347134354,Asia/Jakarta,Forecast Redelong representative point. BMKG ADM4 reference: 11.17.05.2002 (Bale Redelong). Initial BMKG reference for catchment point Spatial role: provisional_catchment. Area analisis provisional; menunggu konfirmasi batas DAS resmi.,20:00,7,6.912,cukup,"BMKG,CMA,ECMWF,GFS,ICON,METEOFRANCE,UKMO",Berawan,87.0,Tinggi,17.78,+/-1.5,97.5,+/-1.89,0.04,+/-0.05,17.78,+/-1.5,0.0,13.2,57.9,28.9,0.0,0.0,1.5,1.89,0.05,1.5,7,1.0,8.57,60.0
gpm2,GPM2,2026-07-20,11.17.05.2002,Bale Redelong,provisional_catchment,yes,4.811672965065149,96.9505347134354,Asia/Jakarta,Forecast Redelong representative point. BMKG ADM4 reference: 11.17.05.2002 (Bale Redelong). Initial BMKG reference for catchment point Spatial role: provisional_catchment. Area analisis provisional; menunggu konfirmasi batas DAS resmi.,21:00,7,7.216,cukup,"BMKG,CMA,ECMWF,GFS,ICON,METEOFRANCE,UKMO",Berawan,87.8,Tinggi,16.97,+/-0.71,96.57,+/-2.89,0.07,+/-0.09,16.97,+/-0.71,0.0,16.9,55.4,27.7,0.0,0.0,0.71,2.89,0.09,0.71,7,1.0,0.0,0.0
gpm2,GPM2,2026-07-20,11.17.05.2002,Bale Redelong,provisional_catchment,yes,4.811672965065149,96.9505347134354,Asia/Jakarta,Forecast Redelong representative point. BMKG ADM4 reference: 11.17.05.2002 (Bale Redelong). Initial BMKG reference for catchment point Spatial role: provisional_catchment. Area analisis provisional; menunggu konfirmasi batas DAS resmi.,22:00,7,6.912,cukup,"BMKG,CMA,ECMWF,GFS,ICON,METEOFRANCE,UKMO",Berawan,94.7,Tinggi,16.95,+/-0.66,96.63,+/-3.04,0.0,+/-0.0,16.95,+/-0.66,0.0,13.2,86.8,0.0,0.0,0.0,0.66,3.04,0.0,0.66,7,1.0,8.57,60.0
gpm2,GPM2,2026-07-20,11.17.05.2002,Bale Redelong,provisional_catchment,yes,4.811672965065149,96.9505347134354,Asia/Jakarta,Forecast Redelong representative point. BMKG ADM4 reference: 11.17.05.2002 (Bale Redelong). Initial BMKG reference for catchment point Spatial role: provisional_catchment. Area analisis provisional; menunggu konfirmasi batas DAS resmi.,23:00,7,6.6688,cukup,"BMKG,CMA,ECMWF,GFS,ICON,METEOFRANCE,UKMO",Berawan,90.9,Tinggi,16.79,+/-0.73,96.65,+/-2.82,0.0,+/-0.0,16.79,+/-0.73,0.0,25.0,75.0,0.0,0.0,0.0,0.73,2.82,0.0,0.73,7,1.0,17.14,120.0
gpm2,GPM2,2026-07-21,11.17.05.2002,Bale Redelong,provisional_catchment,yes,4.811672965065149,96.9505347134354,Asia/Jakarta,Forecast Redelong representative point. BMKG ADM4 reference: 11.17.05.2002 (Bale Redelong). Initial BMKG reference for catchment point Spatial role: provisional_catchment. Area analisis provisional; menunggu konfirmasi batas DAS resmi.,00:00,7,7.2274,cukup,"BMKG,CMA,ECMWF,GFS,ICON,METEOFRANCE,UKMO",Berawan,87.5,Tinggi,16.82,+/-1.47,96.63,+/-2.2,0.0,+/-0.0,16.82,+/-1.47,0.0,44.7,55.3,0.0,0.0,0.0,1.47,2.2,0.0,1.47,7,1.0,0.0,0.0
gpm2,GPM2,2026-07-21,11.17.05.2002,Bale Redelong,provisional_catchment,yes,4.811672965065149,96.9505347134354,Asia/Jakarta,Forecast Redelong representative point. BMKG ADM4 reference: 11.17.05.2002 (Bale Redelong). Initial BMKG reference for catchment point Spatial role: provisional_catchment. Area analisis provisional; menunggu konfirmasi batas DAS resmi.,01:00,7,6.9205,cukup,"BMKG,CMA,ECMWF,GFS,ICON,METEOFRANCE,UKMO",Berawan,87.4,Tinggi,16.12,+/-0.73,96.46,+/-2.38,0.0,+/-0.0,16.12,+/-0.73,0.0,42.2,57.8,0.0,0.0,0.0,0.73,2.38,0.0,0.73,7,1.0,8.57,60.0
gpm2,GPM2,2026-07-21,11.17.05.2002,Bale Redelong,provisional_catchment,yes,4.811672965065149,96.9505347134354,Asia/Jakarta,Forecast Redelong representative point. BMKG ADM4 reference: 11.17.05.2002 (Bale Redelong). Initial BMKG reference for catchment point Spatial role: provisional_catchment. Area analisis provisional; menunggu konfirmasi batas DAS resmi.,02:00,7,6.9205,cukup,"BMKG,CMA,ECMWF,GFS,ICON,METEOFRANCE,UKMO",Berawan,87.4,Tinggi,15.86,+/-0.77,96.59,+/-2.33,0.0,+/-0.0,15.86,+/-0.77,0.0,42.2,57.8,0.0,0.0,0.0,0.77,2.33,0.0,0.77,7,1.0,8.57,60.0
gpm2,GPM2,2026-07-21,11.17.05.2002,Bale Redelong,provisional_catchment,yes,4.811672965065149,96.9505347134354,Asia/Jakarta,Forecast Redelong representative point. BMKG ADM4 reference: 11.17.05.2002 (Bale Redelong). Initial BMKG reference for catchment point Spatial role: provisional_catchment. Area analisis provisional; menunggu konfirmasi batas DAS resmi.,03:00,7,7.2274,cukup,"BMKG,CMA,ECMWF,GFS,ICON,METEOFRANCE,UKMO",Berawan,87.9,Tinggi,15.73,+/-0.72,96.52,+/-2.24,0.0,+/-0.0,15.73,+/-0.72,0.0,44.7,55.3,0.0,0.0,0.0,0.72,2.24,0.0,0.72,7,1.0,0.0,0.0
gpm2,GPM2,2026-07-21,11.17.05.2002,Bale Redelong,provisional_catchment,yes,4.811672965065149,96.9505347134354,Asia/Jakarta,Forecast Redelong representative point. BMKG ADM4 reference: 11.17.05.2002 (Bale Redelong). Initial BMKG reference for catchment point Spatial role: provisional_catchment. Area analisis provisional; menunggu konfirmasi batas DAS resmi.,04:00,7,6.9205,cukup,"BMKG,CMA,ECMWF,GFS,ICON,METEOFRANCE,UKMO",Berawan,87.4,Tinggi,15.66,+/-0.74,96.3,+/-2.5,0.0,+/-0.0,15.66,+/-0.74,0.0,42.2,57.8,0.0,0.0,0.0,0.74,2.5,0.0,0.74,7,1.0,8.57,60.0
gpm2,GPM2,2026-07-21,11.17.05.2002,Bale Redelong,provisional_catchment,yes,4.811672965065149,96.9505347134354,Asia/Jakarta,Forecast Redelong representative point. BMKG ADM4 reference: 11.17.05.2002 (Bale Redelong). Initial BMKG reference for catchment point Spatial role: provisional_catchment. Area analisis provisional; menunggu konfirmasi batas DAS resmi.,05:00,7,6.9205,cukup,"BMKG,CMA,ECMWF,GFS,ICON,METEOFRANCE,UKMO",Berawan,87.1,Tinggi,16.27,+/-1.46,95.77,+/-2.73,0.0,+/-0.0,16.27,+/-1.46,14.4,27.8,57.8,0.0,0.0,0.0,1.46,2.73,0.0,1.46,7,1.0,8.57,60.0
gpm2,GPM2,2026-07-21,11.17.05.2002,Bale Redelong,provisional_catchment,yes,4.811672965065149,96.9505347134354,Asia/Jakarta,Forecast Redelong representative point. BMKG ADM4 reference: 11.17.05.2002 (Bale Redelong). Initial BMKG reference for catchment point Spatial role: provisional_catchment. Area analisis provisional; menunggu konfirmasi batas DAS resmi.,06:00,7,7.2274,cukup,"BMKG,CMA,ECMWF,GFS,ICON,METEOFRANCE,UKMO",Berawan,87.5,Tinggi,16.28,+/-1.36,95.29,+/-2.63,0.0,+/-0.0,16.28,+/-1.36,13.8,30.8,55.3,0.0,0.0,0.0,1.36,2.63,0.0,1.36,7,1.0,0.0,0.0
gpm2,GPM2,2026-07-21,11.17.05.2002,Bale Redelong,provisional_catchment,yes,4.811672965065149,96.9505347134354,Asia/Jakarta,Forecast Redelong representative point. BMKG ADM4 reference: 11.17.05.2002 (Bale Redelong). Initial BMKG reference for catchment point Spatial role: provisional_catchment. Area analisis provisional; menunggu konfirmasi batas DAS resmi.,07:00,7,6.9205,cukup,"BMKG,CMA,ECMWF,GFS,ICON,METEOFRANCE,UKMO",Berawan,87.2,Tinggi,16.58,+/-1.19,94.32,+/-2.7,0.0,+/-0.0,16.58,+/-1.19,14.4,27.8,57.8,0.0,0.0,0.0,1.19,2.7,0.0,1.19,7,1.0,8.57,60.0
gpm2,GPM2,2026-07-21,11.17.05.2002,Bale Redelong,provisional_catchment,yes,4.811672965065149,96.9505347134354,Asia/Jakarta,Forecast Redelong representative point. BMKG ADM4 reference: 11.17.05.2002 (Bale Redelong). Initial BMKG reference for catchment point Spatial role: provisional_catchment. Area analisis provisional; menunggu konfirmasi batas DAS resmi.,08:00,7,6.9205,cukup,"BMKG,CMA,ECMWF,GFS,ICON,METEOFRANCE,UKMO",Cerah Berawan,86.7,Tinggi,18.98,+/-1.14,87.57,+/-5.83,0.0,+/-0.0,18.98,+/-1.14,14.4,56.7,28.9,0.0,0.0,0.0,1.14,5.83,0.0,1.14,7,1.0,8.57,60.0
gpm2,GPM2,2026-07-21,11.17.05.2002,Bale Redelong,provisional_catchment,yes,4.811672965065149,96.9505347134354,Asia/Jakarta,Forecast Redelong representative point. BMKG ADM4 reference: 11.17.05.2002 (Bale Redelong). Initial BMKG reference for catchment point Spatial role: provisional_catchment. Area analisis provisional; menunggu konfirmasi batas DAS resmi.,09:00,7,7.2274,cukup,"BMKG,CMA,ECMWF,GFS,ICON,METEOFRANCE,UKMO",Cerah Berawan,88.8,Tinggi,20.22,+/-0.04,79.98,+/-5.06,0.0,+/-0.0,20.22,+/-0.04,13.8,58.5,27.7,0.0,0.0,0.0,0.04,5.06,0.0,0.04,7,1.0,0.0,0.0
gpm2,GPM2,2026-07-21,11.17.05.2002,Bale Redelong,provisional_catchment,yes,4.811672965065149,96.9505347134354,Asia/Jakarta,Forecast Redelong representative point. BMKG ADM4 reference: 11.17.05.2002 (Bale Redelong). Initial BMKG reference for catchment point Spatial role: provisional_catchment. Area analisis provisional; menunggu konfirmasi batas DAS resmi.,10:00,7,6.9205,cukup,"BMKG,CMA,ECMWF,GFS,ICON,METEOFRANCE,UKMO",Cerah Berawan,87.1,Tinggi,21.26,+/-0.33,74.86,+/-6.14,0.0,+/-0.0,21.26,+/-0.33,0.0,56.7,43.3,0.0,0.0,0.0,0.33,6.14,0.0,0.33,7,1.0,8.57,60.0
gpm2,GPM2,2026-07-21,11.17.05.2002,Bale Redelong,provisional_catchment,yes,4.811672965065149,96.9505347134354,Asia/Jakarta,Forecast Redelong representative point. BMKG ADM4 reference: 11.17.05.2002 (Bale Redelong). Initial BMKG reference for catchment point Spatial role: provisional_catchment. Area analisis provisional; menunggu konfirmasi batas DAS resmi.,11:00,7,6.9205,cukup,"BMKG,CMA,ECMWF,GFS,ICON,METEOFRANCE,UKMO",Hujan Ringan,90.1,Tinggi,22.64,+/-1.09,72.61,+/-9.06,0.52,+/-0.43,22.64,+/-1.09,13.3,0.0,14.4,72.2,0.0,0.0,1.09,9.06,0.43,1.09,7,1.0,8.57,60.0
gpm2,GPM2,2026-07-21,11.17.05.2002,Bale Redelong,provisional_catchment,yes,4.811672965065149,96.9505347134354,Asia/Jakarta,Forecast Redelong representative point. BMKG ADM4 reference: 11.17.05.2002 (Bale Redelong). Initial BMKG reference for catchment point Spatial role: provisional_catchment. Area analisis provisional; menunggu konfirmasi batas DAS resmi.,12:00,7,7.2274,cukup,"BMKG,CMA,ECMWF,GFS,ICON,METEOFRANCE,UKMO",Hujan Ringan,90.0,Tinggi,22.23,+/-1.37,77.62,+/-10.75,0.88,+/-0.45,22.23,+/-1.37,17.0,0.0,0.0,69.2,0.0,13.8,1.37,10.75,0.45,1.37,7,1.0,0.0,0.0
gpm2,GPM2,2026-07-21,11.17.05.2002,Bale Redelong,provisional_catchment,yes,4.811672965065149,96.9505347134354,Asia/Jakarta,Forecast Redelong representative point. BMKG ADM4 reference: 11.17.05.2002 (Bale Redelong). Initial BMKG reference for catchment point Spatial role: provisional_catchment. Area analisis provisional; menunggu konfirmasi batas DAS resmi.,13:00,7,6.9205,cukup,"BMKG,CMA,ECMWF,GFS,ICON,METEOFRANCE,UKMO",Hujan Ringan,90.1,Tinggi,21.43,+/-1.31,87.17,+/-6.01,1.15,+/-0.5,21.43,+/-1.31,13.3,0.0,0.0,72.2,0.0,14.4,1.31,6.01,0.5,1.31,7,1.0,8.57,60.0
gpm2,GPM2,2026-07-21,11.17.05.2002,Bale Redelong,provisional_catchment,yes,4.811672965065149,96.9505347134354,Asia/Jakarta,Forecast Redelong representative point. BMKG ADM4 reference: 11.17.05.2002 (Bale Redelong). Initial BMKG reference for catchment point Spatial role: provisional_catchment. Area analisis provisional; menunggu konfirmasi batas DAS resmi.,14:00,7,6.9205,cukup,"BMKG,CMA,ECMWF,GFS,ICON,METEOFRANCE,UKMO",Hujan Ringan,82.2,Tinggi,21.26,+/-1.13,86.24,+/-9.73,2.42,+/-1.16,21.26,+/-1.13,0.0,13.3,0.0,43.3,14.4,28.9,1.13,9.73,1.16,1.13,7,1.0,8.57,60.0
gpm2,GPM2,2026-07-21,11.17.05.2002,Bale Redelong,provisional_catchment,yes,4.811672965065149,96.9505347134354,Asia/Jakarta,Forecast Redelong representative point. BMKG ADM4 reference: 11.17.05.2002 (Bale Redelong). Initial BMKG reference for catchment point Spatial role: provisional_catchment. Area analisis provisional; menunggu konfirmasi batas DAS resmi.,15:00,7,7.2274,cukup,"BMKG,CMA,ECMWF,GFS,ICON,METEOFRANCE,UKMO",Hujan Ringan,83.1,Tinggi,20.68,+/-0.73,91.17,+/-4.52,2.75,+/-1.51,20.68,+/-0.73,0.0,17.0,0.0,41.5,13.8,27.7,0.73,4.52,1.51,0.73,7,1.0,0.0,0.0
gpm2,GPM2,2026-07-21,11.17.05.2002,Bale Redelong,provisional_catchment,yes,4.811672965065149,96.9505347134354,Asia/Jakarta,Forecast Redelong representative point. BMKG ADM4 reference: 11.17.05.2002 (Bale Redelong). Initial BMKG reference for catchment point Spatial role: provisional_catchment. Area analisis provisional; menunggu konfirmasi batas DAS resmi.,16:00,7,6.9205,cukup,"BMKG,CMA,ECMWF,GFS,ICON,METEOFRANCE,UKMO",Hujan Ringan,82.7,Tinggi,20.56,+/-0.98,92.5,+/-4.5,2.5,+/-1.18,20.56,+/-0.98,0.0,13.3,0.0,43.3,28.9,14.4,0.98,4.5,1.18,0.98,7,1.0,8.57,60.0
gpm2,GPM2,2026-07-21,11.17.05.2002,Bale Redelong,provisional_catchment,yes,4.811672965065149,96.9505347134354,Asia/Jakarta,Forecast Redelong representative point. BMKG ADM4 reference: 11.17.05.2002 (Bale Redelong). Initial BMKG reference for catchment point Spatial role: provisional_catchment. Area analisis provisional; menunggu konfirmasi batas DAS resmi.,17:00,7,6.9205,cukup,"BMKG,CMA,ECMWF,GFS,ICON,METEOFRANCE,UKMO",Hujan Ringan,90.3,Tinggi,19.75,+/-0.88,93.6,+/-3.63,1.12,+/-0.77,19.75,+/-0.88,13.3,0.0,0.0,72.2,0.0,14.4,0.88,3.63,0.77,0.88,7,1.0,8.57,60.0
gpm2,GPM2,2026-07-21,11.17.05.2002,Bale Redelong,provisional_catchment,yes,4.811672965065149,96.9505347134354,Asia/Jakarta,Forecast Redelong representative point. BMKG ADM4 reference: 11.17.05.2002 (Bale Redelong). Initial BMKG reference for catchment point Spatial role: provisional_catchment. Area analisis provisional; menunggu konfirmasi batas DAS resmi.,18:00,7,7.2274,cukup,"BMKG,CMA,ECMWF,GFS,ICON,METEOFRANCE,UKMO",Hujan Ringan,94.6,Tinggi,18.97,+/-0.31,95.01,+/-2.85,0.92,+/-0.49,18.97,+/-0.31,17.0,0.0,0.0,83.0,0.0,0.0,0.31,2.85,0.49,0.31,7,1.0,0.0,0.0
gpm2,GPM2,2026-07-21,11.17.05.2002,Bale Redelong,provisional_catchment,yes,4.811672965065149,96.9505347134354,Asia/Jakarta,Forecast Redelong representative point. BMKG ADM4 reference: 11.17.05.2002 (Bale Redelong). Initial BMKG reference for catchment point Spatial role: provisional_catchment. Area analisis provisional; menunggu konfirmasi batas DAS resmi.,19:00,7,6.9205,cukup,"BMKG,CMA,ECMWF,GFS,ICON,METEOFRANCE,UKMO",Hujan Ringan,90.9,Tinggi,18.51,+/-0.41,96.2,+/-2.6,0.67,+/-0.43,18.51,+/-0.41,13.3,0.0,14.4,72.2,0.0,0.0,0.41,2.6,0.43,0.41,7,1.0,8.57,60.0
gpm2,GPM2,2026-07-21,11.17.05.2002,Bale Redelong,provisional_catchment,yes,4.811672965065149,96.9505347134354,Asia/Jakarta,Forecast Redelong representative point. BMKG ADM4 reference: 11.17.05.2002 (Bale Redelong). Initial BMKG reference for catchment point Spatial role: provisional_catchment. Area analisis provisional; menunggu konfirmasi batas DAS resmi.,20:00,7,6.9205,cukup,"BMKG,CMA,ECMWF,GFS,ICON,METEOFRANCE,UKMO",Hujan Ringan,83.8,Tinggi,17.57,+/-0.61,97.86,+/-1.65,0.22,+/-0.25,17.57,+/-0.61,13.3,14.4,28.9,43.3,0.0,0.0,0.61,1.65,0.25,0.61,7,1.0,8.57,60.0
gpm2,GPM2,2026-07-21,11.17.05.2002,Bale Redelong,provisional_catchment,yes,4.811672965065149,96.9505347134354,Asia/Jakarta,Forecast Redelong representative point. BMKG ADM4 reference: 11.17.05.2002 (Bale Redelong). Initial BMKG reference for catchment point Spatial role: provisional_catchment. Area analisis provisional; menunggu konfirmasi batas DAS resmi.,21:00,7,7.2274,cukup,"BMKG,CMA,ECMWF,GFS,ICON,METEOFRANCE,UKMO",Berawan,81.0,Tinggi,17.32,+/-0.52,97.31,+/-1.56,0.12,+/-0.19,17.32,+/-0.52,17.0,27.7,27.7,27.7,0.0,0.0,0.52,1.56,0.19,0.52,7,1.0,0.0,0.0
gpm2,GPM2,2026-07-21,11.17.05.2002,Bale Redelong,provisional_catchment,yes,4.811672965065149,96.9505347134354,Asia/Jakarta,Forecast Redelong representative point. BMKG ADM4 reference: 11.17.05.2002 (Bale Redelong). Initial BMKG reference for catchment point Spatial role: provisional_catchment. Area analisis provisional; menunggu konfirmasi batas DAS resmi.,22:00,7,6.9205,cukup,"BMKG,CMA,ECMWF,GFS,ICON,METEOFRANCE,UKMO",Hujan Ringan,83.9,Tinggi,17.08,+/-0.45,96.84,+/-1.89,0.17,+/-0.19,17.08,+/-0.45,27.8,0.0,28.9,43.3,0.0,0.0,0.45,1.89,0.19,0.45,7,1.0,8.57,60.0
gpm2,GPM2,2026-07-21,11.17.05.2002,Bale Redelong,provisional_catchment,yes,4.811672965065149,96.9505347134354,Asia/Jakarta,Forecast Redelong representative point. BMKG ADM4 reference: 11.17.05.2002 (Bale Redelong). Initial BMKG reference for catchment point Spatial role: provisional_catchment. Area analisis provisional; menunggu konfirmasi batas DAS resmi.,23:00,7,6.6751,cukup,"BMKG,CMA,ECMWF,GFS,ICON,METEOFRANCE,UKMO",Hujan Ringan,83.4,Tinggi,16.81,+/-0.49,96.65,+/-2.29,0.08,+/-0.12,16.81,+/-0.49,25.1,30.0,0.0,44.9,0.0,0.0,0.49,2.29,0.12,0.49,7,1.0,17.14,120.0
gpm2,GPM2,2026-07-22,11.17.05.2002,Bale Redelong,provisional_catchment,yes,4.811672965065149,96.9505347134354,Asia/Jakarta,Forecast Redelong representative point. BMKG ADM4 reference: 11.17.05.2002 (Bale Redelong). Initial BMKG reference for catchment point Spatial role: provisional_catchment. Area analisis provisional; menunggu konfirmasi batas DAS resmi.,00:00,6,6.0,cukup,"CMA,ECMWF,GFS,ICON,METEOFRANCE,UKMO",Hujan Ringan,77.1,Sedang,16.93,+/-1.13,96.0,+/-2.65,0.08,+/-0.11,16.93,+/-1.13,16.7,16.7,16.7,50.0,0.0,0.0,1.13,2.65,0.11,1.13,7,0.8571,0.0,0.0
gpm2,GPM2,2026-07-22,11.17.05.2002,Bale Redelong,provisional_catchment,yes,4.811672965065149,96.9505347134354,Asia/Jakarta,Forecast Redelong representative point. BMKG ADM4 reference: 11.17.05.2002 (Bale Redelong). Initial BMKG reference for catchment point Spatial role: provisional_catchment. Area analisis provisional; menunggu konfirmasi batas DAS resmi.,01:00,6,6.0,cukup,"CMA,ECMWF,GFS,ICON,METEOFRANCE,UKMO",Hujan Ringan,72.9,Sedang,16.62,+/-1.13,96.33,+/-2.21,0.07,+/-0.11,16.62,+/-1.13,33.3,16.7,16.7,33.3,0.0,0.0,1.13,2.21,0.11,1.13,7,0.8571,0.0,0.0
gpm2,GPM2,2026-07-22,11.17.05.2002,Bale Redelong,provisional_catchment,yes,4.811672965065149,96.9505347134354,Asia/Jakarta,Forecast Redelong representative point. BMKG ADM4 reference: 11.17.05.2002 (Bale Redelong). Initial BMKG reference for catchment point Spatial role: provisional_catchment. Area analisis provisional; menunggu konfirmasi batas DAS resmi.,02:00,6,6.0,cukup,"CMA,ECMWF,GFS,ICON,METEOFRANCE,UKMO",Cerah Berawan,81.4,Tinggi,16.33,+/-1.12,96.5,+/-2.06,0.0,+/-0.0,16.33,+/-1.12,0.0,66.7,33.3,0.0,0.0,0.0,1.12,2.06,0.0,1.12,7,0.8571,0.0,0.0
gpm2,GPM2,2026-07-22,11.17.05.2002,Bale Redelong,provisional_catchment,yes,4.811672965065149,96.9505347134354,Asia/Jakarta,Forecast Redelong representative point. BMKG ADM4 reference: 11.17.05.2002 (Bale Redelong). Initial BMKG reference for catchment point Spatial role: provisional_catchment. Area analisis provisional; menunggu konfirmasi batas DAS resmi.,03:00,6,6.0,cukup,"CMA,ECMWF,GFS,ICON,METEOFRANCE,UKMO",Berawan,77.2,Sedang,16.1,+/-1.15,96.83,+/-1.57,0.0,+/-0.0,16.1,+/-1.15,0.0,50.0,50.0,0.0,0.0,0.0,1.15,1.57,0.0,1.15,7,0.8571,0.0,0.0
gpm2,GPM2,2026-07-22,11.17.05.2002,Bale Redelong,provisional_catchment,yes,4.811672965065149,96.9505347134354,Asia/Jakarta,Forecast Redelong representative point. BMKG ADM4 reference: 11.17.05.2002 (Bale Redelong). Initial BMKG reference for catchment point Spatial role: provisional_catchment. Area analisis provisional; menunggu konfirmasi batas DAS resmi.,04:00,6,6.0,cukup,"CMA,ECMWF,GFS,ICON,METEOFRANCE,UKMO",Berawan,77.2,Sedang,15.97,+/-1.19,96.83,+/-1.34,0.0,+/-0.0,15.97,+/-1.19,16.7,33.3,50.0,0.0,0.0,0.0,1.19,1.34,0.0,1.19,7,0.8571,0.0,0.0
gpm2,GPM2,2026-07-22,11.17.05.2002,Bale Redelong,provisional_catchment,yes,4.811672965065149,96.9505347134354,Asia/Jakarta,Forecast Redelong representative point. BMKG ADM4 reference: 11.17.05.2002 (Bale Redelong). Initial BMKG reference for catchment point Spatial role: provisional_catchment. Area analisis provisional; menunggu konfirmasi batas DAS resmi.,05:00,6,6.0,cukup,"CMA,ECMWF,GFS,ICON,METEOFRANCE,UKMO",Cerah Berawan,77.1,Sedang,15.78,+/-1.3,96.67,+/-2.21,0.0,+/-0.0,15.78,+/-1.3,16.7,50.0,33.3,0.0,0.0,0.0,1.3,2.21,0.0,1.3,7,0.8571,0.0,0.0
gpm2,GPM2,2026-07-22,11.17.05.2002,Bale Redelong,provisional_catchment,yes,4.811672965065149,96.9505347134354,Asia/Jakarta,Forecast Redelong representative point. BMKG ADM4 reference: 11.17.05.2002 (Bale Redelong). Initial BMKG reference for catchment point Spatial role: provisional_catchment. Area analisis provisional; menunggu konfirmasi batas DAS resmi.,06:00,6,6.0,cukup,"CMA,ECMWF,GFS,ICON,METEOFRANCE,UKMO",Cerah Berawan,77.0,Sedang,15.68,+/-1.44,96.33,+/-2.81,0.0,+/-0.0,15.68,+/-1.44,16.7,50.0,33.3,0.0,0.0,0.0,1.44,2.81,0.0,1.44,7,0.8571,0.0,0.0
gpm2,GPM2,2026-07-22,11.17.05.2002,Bale Redelong,provisional_catchment,yes,4.811672965065149,96.9505347134354,Asia/Jakarta,Forecast Redelong representative point. BMKG ADM4 reference: 11.17.05.2002 (Bale Redelong). Initial BMKG reference for catchment point Spatial role: provisional_catchment. Area analisis provisional; menunggu konfirmasi batas DAS resmi.,07:00,6,6.0,cukup,"CMA,ECMWF,GFS,ICON,METEOFRANCE,UKMO",Cerah Berawan,76.9,Sedang,16.22,+/-1.48,93.83,+/-3.53,0.0,+/-0.0,16.22,+/-1.48,16.7,50.0,33.3,0.0,0.0,0.0,1.48,3.53,0.0,1.48,7,0.8571,0.0,0.0
gpm2,GPM2,2026-07-22,11.17.05.2002,Bale Redelong,provisional_catchment,yes,4.811672965065149,96.9505347134354,Asia/Jakarta,Forecast Redelong representative point. BMKG ADM4 reference: 11.17.05.2002 (Bale Redelong). Initial BMKG reference for catchment point Spatial role: provisional_catchment. Area analisis provisional; menunggu konfirmasi batas DAS resmi.,08:00,6,6.0,cukup,"CMA,ECMWF,GFS,ICON,METEOFRANCE,UKMO",Cerah Berawan,77.0,Sedang,18.13,+/-1.34,88.17,+/-3.76,0.0,+/-0.0,18.13,+/-1.34,16.7,50.0,33.3,0.0,0.0,0.0,1.34,3.76,0.0,1.34,7,0.8571,0.0,0.0
gpm2,GPM2,2026-07-22,11.17.05.2002,Bale Redelong,provisional_catchment,yes,4.811672965065149,96.9505347134354,Asia/Jakarta,Forecast Redelong representative point. BMKG ADM4 reference: 11.17.05.2002 (Bale Redelong). Initial BMKG reference for catchment point Spatial role: provisional_catchment. Area analisis provisional; menunggu konfirmasi batas DAS resmi.,09:00,6,6.0,cukup,"CMA,ECMWF,GFS,ICON,METEOFRANCE,UKMO",Cerah Berawan,85.5,Tinggi,20.52,+/-1.03,76.8,+/-2.64,0.0,+/-0.0,20.52,+/-1.03,16.7,83.3,0.0,0.0,0.0,0.0,1.03,2.64,0.0,1.03,7,0.8571,0.0,0.0
gpm2,GPM2,2026-07-22,11.17.05.2002,Bale Redelong,provisional_catchment,yes,4.811672965065149,96.9505347134354,Asia/Jakarta,Forecast Redelong representative point. BMKG ADM4 reference: 11.17.05.2002 (Bale Redelong). Initial BMKG reference for catchment point Spatial role: provisional_catchment. Area analisis provisional; menunggu konfirmasi batas DAS resmi.,10:00,6,6.0,cukup,"CMA,ECMWF,GFS,ICON,METEOFRANCE,UKMO",Cerah Berawan,85.4,Tinggi,22.38,+/-0.9,69.4,+/-5.5,0.0,+/-0.0,22.38,+/-0.9,0.0,83.3,16.7,0.0,0.0,0.0,0.9,5.5,0.0,0.9,7,0.8571,0.0,0.0
gpm2,GPM2,2026-07-22,11.17.05.2002,Bale Redelong,provisional_catchment,yes,4.811672965065149,96.9505347134354,Asia/Jakarta,Forecast Redelong representative point. BMKG ADM4 reference: 11.17.05.2002 (Bale Redelong). Initial BMKG reference for catchment point Spatial role: provisional_catchment. Area analisis provisional; menunggu konfirmasi batas DAS resmi.,11:00,6,6.0,cukup,"CMA,ECMWF,GFS,ICON,METEOFRANCE,UKMO",Cerah Berawan,76.1,Sedang,23.37,+/-1.0,68.33,+/-10.73,0.45,+/-0.71,23.37,+/-1.0,0.0,50.0,16.7,33.3,0.0,0.0,1.0,10.73,0.71,1.0,7,0.8571,0.0,0.0
gpm2,GPM2,2026-07-22,11.17.05.2002,Bale Redelong,provisional_catchment,yes,4.811672965065149,96.9505347134354,Asia/Jakarta,Forecast Redelong representative point. BMKG ADM4 reference: 11.17.05.2002 (Bale Redelong). Initial BMKG reference for catchment point Spatial role: provisional_catchment. Area analisis provisional; menunggu konfirmasi batas DAS resmi.,12:00,6,6.0,cukup,"CMA,ECMWF,GFS,ICON,METEOFRANCE,UKMO",Cerah Berawan,72.3,Sedang,24.12,+/-0.6,69.0,+/-14.27,0.05,+/-0.09,24.12,+/-0.6,0.0,33.3,16.7,33.3,0.0,16.7,0.6,14.27,0.09,0.6,7,0.8571,0.0,0.0
gpm2,GPM2,2026-07-22,11.17.05.2002,Bale Redelong,provisional_catchment,yes,4.811672965065149,96.9505347134354,Asia/Jakarta,Forecast Redelong representative point. BMKG ADM4 reference: 11.17.05.2002 (Bale Redelong). Initial BMKG reference for catchment point Spatial role: provisional_catchment. Area analisis provisional; menunggu konfirmasi batas DAS resmi.,13:00,6,6.0,cukup,"CMA,ECMWF,GFS,ICON,METEOFRANCE,UKMO",Hujan Ringan,75.3,Sedang,23.35,+/-1.69,72.5,+/-16.77,0.65,+/-0.64,23.35,+/-1.69,0.0,16.7,16.7,50.0,0.0,16.7,1.69,16.77,0.64,1.69,7,0.8571,0.0,0.0
gpm2,GPM2,2026-07-22,11.17.05.2002,Bale Redelong,provisional_catchment,yes,4.811672965065149,96.9505347134354,Asia/Jakarta,Forecast Redelong representative point. BMKG ADM4 reference: 11.17.05.2002 (Bale Redelong). Initial BMKG reference for catchment point Spatial role: provisional_catchment. Area analisis provisional; menunggu konfirmasi batas DAS resmi.,14:00,6,6.0,cukup,"CMA,ECMWF,GFS,ICON,METEOFRANCE,UKMO",Hujan Ringan,75.3,Sedang,23.56,+/-0.75,75.83,+/-15.39,1.68,+/-1.38,23.56,+/-0.75,0.0,0.0,0.0,50.0,16.7,33.3,0.75,15.39,1.38,0.75,7,0.8571,0.0,0.0
gpm2,GPM2,2026-07-22,11.17.05.2002,Bale Redelong,provisional_catchment,yes,4.811672965065149,96.9505347134354,Asia/Jakarta,Forecast Redelong representative point. BMKG ADM4 reference: 11.17.05.2002 (Bale Redelong). Initial BMKG reference for catchment point Spatial role: provisional_catchment. Area analisis provisional; menunggu konfirmasi batas DAS resmi.,15:00,6,6.0,cukup,"CMA,ECMWF,GFS,ICON,METEOFRANCE,UKMO",Hujan Ringan,75.7,Sedang,22.52,+/-0.7,81.33,+/-11.66,1.7,+/-1.37,22.52,+/-0.7,0.0,0.0,0.0,50.0,16.7,33.3,0.7,11.66,1.37,0.7,7,0.8571,0.0,0.0
gpm2,GPM2,2026-07-22,11.17.05.2002,Bale Redelong,provisional_catchment,yes,4.811672965065149,96.9505347134354,Asia/Jakarta,Forecast Redelong representative point. BMKG ADM4 reference: 11.17.05.2002 (Bale Redelong). Initial BMKG reference for catchment point Spatial role: provisional_catchment. Area analisis provisional; menunggu konfirmasi batas DAS resmi.,16:00,6,6.0,cukup,"CMA,ECMWF,GFS,ICON,METEOFRANCE,UKMO",Hujan Ringan,75.7,Sedang,21.23,+/-1.08,86.0,+/-9.13,1.72,+/-1.35,21.23,+/-1.08,0.0,0.0,0.0,50.0,33.3,16.7,1.08,9.13,1.35,1.08,7,0.8571,0.0,0.0
gpm2,GPM2,2026-07-22,11.17.05.2002,Bale Redelong,provisional_catchment,yes,4.811672965065149,96.9505347134354,Asia/Jakarta,Forecast Redelong representative point. BMKG ADM4 reference: 11.17.05.2002 (Bale Redelong). Initial BMKG reference for catchment point Spatial role: provisional_catchment. Area analisis provisional; menunggu konfirmasi batas DAS resmi.,17:00,6,6.0,cukup,"CMA,ECMWF,GFS,ICON,METEOFRANCE,UKMO",Hujan Ringan,81.1,Tinggi,20.43,+/-0.93,90.17,+/-5.79,0.4,+/-0.09,20.43,+/-0.93,0.0,0.0,16.7,66.7,16.7,0.0,0.93,5.79,0.09,0.93,7,0.8571,0.0,0.0
gpm2,GPM2,2026-07-22,11.17.05.2002,Bale Redelong,provisional_catchment,yes,4.811672965065149,96.9505347134354,Asia/Jakarta,Forecast Redelong representative point. BMKG ADM4 reference: 11.17.05.2002 (Bale Redelong). Initial BMKG reference for catchment point Spatial role: provisional_catchment. Area analisis provisional; menunggu konfirmasi batas DAS resmi.,18:00,6,6.0,cukup,"CMA,ECMWF,GFS,ICON,METEOFRANCE,UKMO",Hujan Ringan,81.2,Tinggi,19.53,+/-0.95,93.5,+/-3.5,0.46,+/-0.15,19.53,+/-0.95,0.0,0.0,16.7,66.7,16.7,0.0,0.95,3.5,0.15,0.95,7,0.8571,0.0,0.0
gpm2,GPM2,2026-07-22,11.17.05.2002,Bale Redelong,provisional_catchment,yes,4.811672965065149,96.9505347134354,Asia/Jakarta,Forecast Redelong representative point. BMKG ADM4 reference: 11.17.05.2002 (Bale Redelong). Initial BMKG reference for catchment point Spatial role: provisional_catchment. Area analisis provisional; menunggu konfirmasi batas DAS resmi.,19:00,6,6.0,cukup,"CMA,ECMWF,GFS,ICON,METEOFRANCE,UKMO",Hujan Ringan,81.8,Tinggi,18.2,+/-0.12,96.4,+/-1.62,0.38,+/-0.1,18.2,+/-0.12,0.0,0.0,16.7,66.7,16.7,0.0,0.12,1.62,0.1,0.12,7,0.8571,0.0,0.0
gpm2,GPM2,2026-07-22,11.17.05.2002,Bale Redelong,provisional_catchment,yes,4.811672965065149,96.9505347134354,Asia/Jakarta,Forecast Redelong representative point. BMKG ADM4 reference: 11.17.05.2002 (Bale Redelong). Initial BMKG reference for catchment point Spatial role: provisional_catchment. Area analisis provisional; menunggu konfirmasi batas DAS resmi.,20:00,6,6.0,cukup,"CMA,ECMWF,GFS,ICON,METEOFRANCE,UKMO",Hujan Ringan,76.9,Sedang,17.88,+/-0.63,95.67,+/-3.25,0.48,+/-0.54,17.88,+/-0.63,16.7,33.3,0.0,50.0,0.0,0.0,0.63,3.25,0.54,0.63,7,0.8571,0.0,0.0
gpm2,GPM2,2026-07-22,11.17.05.2002,Bale Redelong,provisional_catchment,yes,4.811672965065149,96.9505347134354,Asia/Jakarta,Forecast Redelong representative point. BMKG ADM4 reference: 11.17.05.2002 (Bale Redelong). Initial BMKG reference for catchment point Spatial role: provisional_catchment. Area analisis provisional; menunggu konfirmasi batas DAS resmi.,21:00,6,6.0,cukup,"CMA,ECMWF,GFS,ICON,METEOFRANCE,UKMO",Hujan Ringan,77.3,Sedang,17.32,+/-0.56,95.5,+/-2.99,0.05,+/-0.09,17.32,+/-0.56,16.7,33.3,0.0,50.0,0.0,0.0,0.56,2.99,0.09,0.56,7,0.8571,0.0,0.0
gpm2,GPM2,2026-07-22,11.17.05.2002,Bale Redelong,provisional_catchment,yes,4.811672965065149,96.9505347134354,Asia/Jakarta,Forecast Redelong representative point. BMKG ADM4 reference: 11.17.05.2002 (Bale Redelong). Initial BMKG reference for catchment point Spatial role: provisional_catchment. Area analisis provisional; menunggu konfirmasi batas DAS resmi.,22:00,6,6.0,cukup,"CMA,ECMWF,GFS,ICON,METEOFRANCE,UKMO",Hujan Ringan,72.7,Sedang,16.84,+/-0.68,95.33,+/-3.09,0.4,+/-0.57,16.84,+/-0.68,16.7,33.3,16.7,33.3,0.0,0.0,0.68,3.09,0.57,0.68,7,0.8571,0.0,0.0
gpm2,GPM2,2026-07-22,11.17.05.2002,Bale Redelong,provisional_catchment,yes,4.811672965065149,96.9505347134354,Asia/Jakarta,Forecast Redelong representative point. BMKG ADM4 reference: 11.17.05.2002 (Bale Redelong). Initial BMKG reference for catchment point Spatial role: provisional_catchment. Area analisis provisional; menunggu konfirmasi batas DAS resmi.,23:00,6,6.0,cukup,"CMA,ECMWF,GFS,ICON,METEOFRANCE,UKMO",Cerah Berawan,77.2,Sedang,16.36,+/-0.87,95.33,+/-3.3,0.03,+/-0.07,16.36,+/-0.87,16.7,50.0,16.7,16.7,0.0,0.0,0.87,3.3,0.07,0.87,7,0.8571,0.0,0.0
gpm3,GPM3,2026-07-19,11.17.05.2002,Bale Redelong,provisional_catchment,yes,4.815409756944025,97.009911990332,Asia/Jakarta,Forecast Redelong representative point. BMKG ADM4 reference: 11.17.05.2002 (Bale Redelong). Initial BMKG reference for catchment point Spatial role: provisional_catchment. Area analisis provisional; menunggu konfirmasi batas DAS resmi.,00:00,6,6.0,cukup,"CMA,ECMWF,GFS,ICON,METEOFRANCE,UKMO",Hujan Ringan,77.3,Sedang,15.84,+/-0.48,97.17,+/-1.67,0.23,+/-0.26,15.84,+/-0.48,0.0,33.3,16.7,50.0,0.0,0.0,0.48,1.67,0.26,0.48,7,0.8571,0.0,0.0
gpm3,GPM3,2026-07-19,11.17.05.2002,Bale Redelong,provisional_catchment,yes,4.815409756944025,97.009911990332,Asia/Jakarta,Forecast Redelong representative point. BMKG ADM4 reference: 11.17.05.2002 (Bale Redelong). Initial BMKG reference for catchment point Spatial role: provisional_catchment. Area analisis provisional; menunggu konfirmasi batas DAS resmi.,01:00,6,6.0,cukup,"CMA,ECMWF,GFS,ICON,METEOFRANCE,UKMO",Hujan Ringan,77.4,Sedang,15.48,+/-0.59,96.5,+/-2.14,0.08,+/-0.12,15.48,+/-0.59,0.0,16.7,33.3,50.0,0.0,0.0,0.59,2.14,0.12,0.59,7,0.8571,0.0,0.0
gpm3,GPM3,2026-07-19,11.17.05.2002,Bale Redelong,provisional_catchment,yes,4.815409756944025,97.009911990332,Asia/Jakarta,Forecast Redelong representative point. BMKG ADM4 reference: 11.17.05.2002 (Bale Redelong). Initial BMKG reference for catchment point Spatial role: provisional_catchment. Area analisis provisional; menunggu konfirmasi batas DAS resmi.,02:00,6,6.0,cukup,"CMA,ECMWF,GFS,ICON,METEOFRANCE,UKMO",Berawan,77.3,Sedang,15.18,+/-0.66,96.17,+/-2.19,0.12,+/-0.19,15.18,+/-0.66,16.7,0.0,50.0,33.3,0.0,0.0,0.66,2.19,0.19,0.66,7,0.8571,0.0,0.0
gpm3,GPM3,2026-07-19,11.17.05.2002,Bale Redelong,provisional_catchment,yes,4.815409756944025,97.009911990332,Asia/Jakarta,Forecast Redelong representative point. BMKG ADM4 reference: 11.17.05.2002 (Bale Redelong). Initial BMKG reference for catchment point Spatial role: provisional_catchment. Area analisis provisional; menunggu konfirmasi batas DAS resmi.,03:00,6,6.0,cukup,"CMA,ECMWF,GFS,ICON,METEOFRANCE,UKMO",Berawan,76.9,Sedang,15.55,+/-1.43,95.83,+/-2.11,0.1,+/-0.15,15.55,+/-1.43,16.7,0.0,50.0,33.3,0.0,0.0,1.43,2.11,0.15,1.43,7,0.8571,0.0,0.0
gpm3,GPM3,2026-07-19,11.17.05.2002,Bale Redelong,provisional_catchment,yes,4.815409756944025,97.009911990332,Asia/Jakarta,Forecast Redelong representative point. BMKG ADM4 reference: 11.17.05.2002 (Bale Redelong). Initial BMKG reference for catchment point Spatial role: provisional_catchment. Area analisis provisional; menunggu konfirmasi batas DAS resmi.,04:00,6,6.0,cukup,"CMA,ECMWF,GFS,ICON,METEOFRANCE,UKMO",Cerah Berawan,77.0,Sedang,15.4,+/-1.39,95.33,+/-2.05,0.07,+/-0.09,15.4,+/-1.39,0.0,50.0,16.7,33.3,0.0,0.0,1.39,2.05,0.09,1.39,7,0.8571,0.0,0.0
gpm3,GPM3,2026-07-19,11.17.05.2002,Bale Redelong,provisional_catchment,yes,4.815409756944025,97.009911990332,Asia/Jakarta,Forecast Redelong representative point. BMKG ADM4 reference: 11.17.05.2002 (Bale Redelong). Initial BMKG reference for catchment point Spatial role: provisional_catchment. Area analisis provisional; menunggu konfirmasi batas DAS resmi.,05:00,6,6.0,cukup,"CMA,ECMWF,GFS,ICON,METEOFRANCE,UKMO",Cerah Berawan,76.9,Sedang,15.3,+/-1.37,95.17,+/-2.97,0.05,+/-0.11,15.3,+/-1.37,16.7,50.0,16.7,16.7,0.0,0.0,1.37,2.97,0.11,1.37,7,0.8571,0.0,0.0
gpm3,GPM3,2026-07-19,11.17.05.2002,Bale Redelong,provisional_catchment,yes,4.815409756944025,97.009911990332,Asia/Jakarta,Forecast Redelong representative point. BMKG ADM4 reference: 11.17.05.2002 (Bale Redelong). Initial BMKG reference for catchment point Spatial role: provisional_catchment. Area analisis provisional; menunggu konfirmasi batas DAS resmi.,06:00,6,6.0,cukup,"CMA,ECMWF,GFS,ICON,METEOFRANCE,UKMO",Cerah,73.3,Sedang,15.3,+/-0.21,94.5,+/-3.95,0.02,+/-0.04,15.3,+/-0.21,33.3,33.3,16.7,16.7,0.0,0.0,0.21,3.95,0.04,0.21,7,0.8571,0.0,0.0
gpm3,GPM3,2026-07-19,11.17.05.2002,Bale Redelong,provisional_catchment,yes,4.815409756944025,97.009911990332,Asia/Jakarta,Forecast Redelong representative point. BMKG ADM4 reference: 11.17.05.2002 (Bale Redelong). Initial BMKG reference for catchment point Spatial role: provisional_catchment. Area analisis provisional; menunggu konfirmasi batas DAS resmi.,07:00,6,6.0,cukup,"CMA,ECMWF,GFS,ICON,METEOFRANCE,UKMO",Berawan,77.0,Sedang,15.63,+/-1.1,93.67,+/-5.02,0.0,+/-0.0,15.63,+/-1.1,16.7,33.3,50.0,0.0,0.0,0.0,1.1,5.02,0.0,1.1,7,0.8571,0.0,0.0
gpm3,GPM3,2026-07-19,11.17.05.2002,Bale Redelong,provisional_catchment,yes,4.815409756944025,97.009911990332,Asia/Jakarta,Forecast Redelong representative point. BMKG ADM4 reference: 11.17.05.2002 (Bale Redelong). Initial BMKG reference for catchment point Spatial role: provisional_catchment. Area analisis provisional; menunggu konfirmasi batas DAS resmi.,08:00,6,6.0,cukup,"CMA,ECMWF,GFS,ICON,METEOFRANCE,UKMO",Berawan,81.3,Tinggi,17.45,+/-0.66,91.17,+/-5.4,0.02,+/-0.04,17.45,+/-0.66,0.0,16.7,66.7,16.7,0.0,0.0,0.66,5.4,0.04,0.66,7,0.8571,0.0,0.0
gpm3,GPM3,2026-07-19,11.17.05.2002,Bale Redelong,provisional_catchment,yes,4.815409756944025,97.009911990332,Asia/Jakarta,Forecast Redelong representative point. BMKG ADM4 reference: 11.17.05.2002 (Bale Redelong). Initial BMKG reference for catchment point Spatial role: provisional_catchment. Area analisis provisional; menunggu konfirmasi batas DAS resmi.,09:00,6,6.0,cukup,"CMA,ECMWF,GFS,ICON,METEOFRANCE,UKMO",Berawan,77.5,Sedang,18.72,+/-0.26,83.4,+/-1.96,0.08,+/-0.15,18.72,+/-0.26,0.0,16.7,50.0,33.3,0.0,0.0,0.26,1.96,0.15,0.26,7,0.8571,0.0,0.0
gpm3,GPM3,2026-07-19,11.17.05.2002,Bale Redelong,provisional_catchment,yes,4.815409756944025,97.009911990332,Asia/Jakarta,Forecast Redelong representative point. BMKG ADM4 reference: 11.17.05.2002 (Bale Redelong). Initial BMKG reference for catchment point Spatial role: provisional_catchment. Area analisis provisional; menunggu konfirmasi batas DAS resmi.,10:00,6,6.0,cukup,"CMA,ECMWF,GFS,ICON,METEOFRANCE,UKMO",Berawan,77.6,Sedang,19.84,+/-0.24,80.5,+/-0.5,0.12,+/-0.22,19.84,+/-0.24,0.0,16.7,50.0,33.3,0.0,0.0,0.24,0.5,0.22,0.24,7,0.8571,0.0,0.0
gpm3,GPM3,2026-07-19,11.17.05.2002,Bale Redelong,provisional_catchment,yes,4.815409756944025,97.009911990332,Asia/Jakarta,Forecast Redelong representative point. BMKG ADM4 reference: 11.17.05.2002 (Bale Redelong). Initial BMKG reference for catchment point Spatial role: provisional_catchment. Area analisis provisional; menunggu konfirmasi batas DAS resmi.,11:00,6,6.0,cukup,"CMA,ECMWF,GFS,ICON,METEOFRANCE,UKMO",Hujan Ringan,81.3,Tinggi,20.6,+/-0.64,77.83,+/-4.81,0.1,+/-0.1,20.6,+/-0.64,0.0,16.7,16.7,66.7,0.0,0.0,0.64,4.81,0.1,0.64,7,0.8571,0.0,0.0
gpm3,GPM3,2026-07-19,11.17.05.2002,Bale Redelong,provisional_catchment,yes,4.815409756944025,97.009911990332,Asia/Jakarta,Forecast Redelong representative point. BMKG ADM4 reference: 11.17.05.2002 (Bale Redelong). Initial BMKG reference for catchment point Spatial role: provisional_catchment. Area analisis provisional; menunggu konfirmasi batas DAS resmi.,12:00,7,6.6868,cukup,"BMKG,CMA,ECMWF,GFS,ICON,METEOFRANCE,UKMO",Hujan Ringan,92.2,Tinggi,20.02,+/-1.19,83.08,+/-8.06,1.03,+/-0.8,20.02,+/-1.19,0.0,0.0,15.0,85.0,0.0,0.0,1.19,8.06,0.8,1.19,7,1.0,25.71,180.0
gpm3,GPM3,2026-07-19,11.17.05.2002,Bale Redelong,provisional_catchment,yes,4.815409756944025,97.009911990332,Asia/Jakarta,Forecast Redelong representative point. BMKG ADM4 reference: 11.17.05.2002 (Bale Redelong). Initial BMKG reference for catchment point Spatial role: provisional_catchment. Area analisis provisional; menunggu konfirmasi batas DAS resmi.,13:00,7,6.6868,cukup,"BMKG,CMA,ECMWF,GFS,ICON,METEOFRANCE,UKMO",Hujan Ringan,89.3,Tinggi,19.0,+/-0.45,90.83,+/-3.87,1.87,+/-0.65,19.0,+/-0.45,0.0,0.0,0.0,70.1,15.0,15.0,0.45,3.87,0.65,0.45,7,1.0,17.14,120.0
gpm3,GPM3,2026-07-19,11.17.05.2002,Bale Redelong,provisional_catchment,yes,4.815409756944025,97.009911990332,Asia/Jakarta,Forecast Redelong representative point. BMKG ADM4 reference: 11.17.05.2002 (Bale Redelong). Initial BMKG reference for catchment point Spatial role: provisional_catchment. Area analisis provisional; menunggu konfirmasi batas DAS resmi.,14:00,7,6.9366,cukup,"BMKG,CMA,ECMWF,GFS,ICON,METEOFRANCE,UKMO",Hujan Sedang,83.1,Tinggi,19.26,+/-0.34,92.27,+/-4.42,3.27,+/-1.06,19.26,+/-0.34,0.0,0.0,0.0,27.9,43.2,28.8,0.34,4.42,1.06,0.34,7,1.0,8.57,60.0
gpm3,GPM3,2026-07-19,11.17.05.2002,Bale Redelong,provisional_catchment,yes,4.815409756944025,97.009911990332,Asia/Jakarta,Forecast Redelong representative point. BMKG ADM4 reference: 11.17.05.2002 (Bale Redelong). Initial BMKG reference for catchment point Spatial role: provisional_catchment. Area analisis provisional; menunggu konfirmasi batas DAS resmi.,15:00,7,7.2488,cukup,"BMKG,CMA,ECMWF,GFS,ICON,METEOFRANCE,UKMO",Hujan Sedang,84.4,Tinggi,18.9,+/-0.47,92.62,+/-2.98,3.38,+/-0.18,18.9,+/-0.47,0.0,0.0,0.0,31.0,41.4,27.6,0.47,2.98,0.18,0.47,7,1.0,0.0,0.0
gpm3,GPM3,2026-07-19,11.17.05.2002,Bale Redelong,provisional_catchment,yes,4.815409756944025,97.009911990332,Asia/Jakarta,Forecast Redelong representative point. BMKG ADM4 reference: 11.17.05.2002 (Bale Redelong). Initial BMKG reference for catchment point Spatial role: provisional_catchment. Area analisis provisional; menunggu konfirmasi batas DAS resmi.,16:00,7,6.9366,cukup,"BMKG,CMA,ECMWF,GFS,ICON,METEOFRANCE,UKMO",Hujan Ringan,81.9,Tinggi,18.38,+/-0.53,94.14,+/-2.11,3.92,+/-2.5,18.38,+/-0.53,0.0,0.0,0.0,42.3,28.8,28.8,0.53,2.11,2.5,0.53,7,1.0,8.57,60.0
gpm3,GPM3,2026-07-19,11.17.05.2002,Bale Redelong,provisional_catchment,yes,4.815409756944025,97.009911990332,Asia/Jakarta,Forecast Redelong representative point. BMKG ADM4 reference: 11.17.05.2002 (Bale Redelong). Initial BMKG reference for catchment point Spatial role: provisional_catchment. Area analisis provisional; menunggu konfirmasi batas DAS resmi.,17:00,7,6.9366,cukup,"BMKG,CMA,ECMWF,GFS,ICON,METEOFRANCE,UKMO",Hujan Ringan,86.2,Tinggi,18.07,+/-0.28,94.69,+/-2.37,2.47,+/-1.97,18.07,+/-0.28,0.0,0.0,13.5,57.7,14.4,14.4,0.28,2.37,1.97,0.28,7,1.0,8.57,60.0
gpm3,GPM3,2026-07-19,11.17.05.2002,Bale Redelong,provisional_catchment,yes,4.815409756944025,97.009911990332,Asia/Jakarta,Forecast Redelong representative point. BMKG ADM4 reference: 11.17.05.2002 (Bale Redelong). Initial BMKG reference for catchment point Spatial role: provisional_catchment. Area analisis provisional; menunggu konfirmasi batas DAS resmi.,18:00,7,7.2488,cukup,"BMKG,CMA,ECMWF,GFS,ICON,METEOFRANCE,UKMO",Hujan Ringan,90.6,Tinggi,17.55,+/-0.35,95.76,+/-1.04,1.77,+/-1.38,17.55,+/-0.35,0.0,0.0,17.2,69.0,13.8,0.0,0.35,1.04,1.38,0.35,7,1.0,0.0,0.0
gpm3,GPM3,2026-07-19,11.17.05.2002,Bale Redelong,provisional_catchment,yes,4.815409756944025,97.009911990332,Asia/Jakarta,Forecast Redelong representative point. BMKG ADM4 reference: 11.17.05.2002 (Bale Redelong). Initial BMKG reference for catchment point Spatial role: provisional_catchment. Area analisis provisional; menunggu konfirmasi batas DAS resmi.,19:00,7,6.9366,cukup,"BMKG,CMA,ECMWF,GFS,ICON,METEOFRANCE,UKMO",Hujan Ringan,90.5,Tinggi,17.26,+/-1.25,96.86,+/-1.13,0.85,+/-0.6,17.26,+/-1.25,0.0,0.0,27.9,72.1,0.0,0.0,1.25,1.13,0.6,1.25,7,1.0,8.57,60.0
gpm3,GPM3,2026-07-19,11.17.05.2002,Bale Redelong,provisional_catchment,yes,4.815409756944025,97.009911990332,Asia/Jakarta,Forecast Redelong representative point. BMKG ADM4 reference: 11.17.05.2002 (Bale Redelong). Initial BMKG reference for catchment point Spatial role: provisional_catchment. Area analisis provisional; menunggu konfirmasi batas DAS resmi.,20:00,7,6.9366,cukup,"BMKG,CMA,ECMWF,GFS,ICON,METEOFRANCE,UKMO",Hujan Ringan,87.4,Tinggi,16.49,+/-0.39,97.43,+/-1.3,0.37,+/-0.37,16.49,+/-0.39,13.5,0.0,28.8,57.7,0.0,0.0,0.39,1.3,0.37,0.39,7,1.0,8.57,60.0
gpm3,GPM3,2026-07-19,11.17.05.2002,Bale Redelong,provisional_catchment,yes,4.815409756944025,97.009911990332,Asia/Jakarta,Forecast Redelong representative point. BMKG ADM4 reference: 11.17.05.2002 (Bale Redelong). Initial BMKG reference for catchment point Spatial role: provisional_catchment. Area analisis provisional; menunggu konfirmasi batas DAS resmi.,21:00,7,7.2488,cukup,"BMKG,CMA,ECMWF,GFS,ICON,METEOFRANCE,UKMO",Hujan Ringan,87.9,Tinggi,16.42,+/-0.4,97.14,+/-0.97,0.32,+/-0.33,16.42,+/-0.4,17.2,0.0,27.6,55.2,0.0,0.0,0.4,0.97,0.33,0.4,7,1.0,0.0,0.0
gpm3,GPM3,2026-07-19,11.17.05.2002,Bale Redelong,provisional_catchment,yes,4.815409756944025,97.009911990332,Asia/Jakarta,Forecast Redelong representative point. BMKG ADM4 reference: 11.17.05.2002 (Bale Redelong). Initial BMKG reference for catchment point Spatial role: provisional_catchment. Area analisis provisional; menunggu konfirmasi batas DAS resmi.,22:00,7,6.9366,cukup,"BMKG,CMA,ECMWF,GFS,ICON,METEOFRANCE,UKMO",Berawan,84.0,Tinggi,16.19,+/-0.5,96.71,+/-1.28,0.08,+/-0.09,16.19,+/-0.5,13.5,0.0,43.2,43.2,0.0,0.0,0.5,1.28,0.09,0.5,7,1.0,8.57,60.0
gpm3,GPM3,2026-07-19,11.17.05.2002,Bale Redelong,provisional_catchment,yes,4.815409756944025,97.009911990332,Asia/Jakarta,Forecast Redelong representative point. BMKG ADM4 reference: 11.17.05.2002 (Bale Redelong). Initial BMKG reference for catchment point Spatial role: provisional_catchment. Area analisis provisional; menunggu konfirmasi batas DAS resmi.,23:00,7,6.6868,cukup,"BMKG,CMA,ECMWF,GFS,ICON,METEOFRANCE,UKMO",Berawan,86.6,Tinggi,16.24,+/-1.43,96.4,+/-1.62,0.17,+/-0.33,16.24,+/-1.43,10.3,0.0,59.8,29.9,0.0,0.0,1.43,1.62,0.33,1.43,7,1.0,17.14,120.0
gpm3,GPM3,2026-07-20,11.17.05.2002,Bale Redelong,provisional_catchment,yes,4.815409756944025,97.009911990332,Asia/Jakarta,Forecast Redelong representative point. BMKG ADM4 reference: 11.17.05.2002 (Bale Redelong). Initial BMKG reference for catchment point Spatial role: provisional_catchment. Area analisis provisional; menunggu konfirmasi batas DAS resmi.,00:00,7,7.216,cukup,"BMKG,CMA,ECMWF,GFS,ICON,METEOFRANCE,UKMO",Berawan,87.7,Tinggi,15.79,+/-0.44,96.14,+/-2.2,0.22,+/-0.44,15.79,+/-0.44,0.0,16.9,55.4,27.7,0.0,0.0,0.44,2.2,0.44,0.44,7,1.0,0.0,0.0
gpm3,GPM3,2026-07-20,11.17.05.2002,Bale Redelong,provisional_catchment,yes,4.815409756944025,97.009911990332,Asia/Jakarta,Forecast Redelong representative point. BMKG ADM4 reference: 11.17.05.2002 (Bale Redelong). Initial BMKG reference for catchment point Spatial role: provisional_catchment. Area analisis provisional; menunggu konfirmasi batas DAS resmi.,01:00,7,6.912,cukup,"BMKG,CMA,ECMWF,GFS,ICON,METEOFRANCE,UKMO",Berawan,87.2,Tinggi,15.57,+/-0.45,96.14,+/-2.25,0.25,+/-0.48,15.57,+/-0.45,0.0,13.2,57.9,28.9,0.0,0.0,0.45,2.25,0.48,0.45,7,1.0,8.57,60.0
gpm3,GPM3,2026-07-20,11.17.05.2002,Bale Redelong,provisional_catchment,yes,4.815409756944025,97.009911990332,Asia/Jakarta,Forecast Redelong representative point. BMKG ADM4 reference: 11.17.05.2002 (Bale Redelong). Initial BMKG reference for catchment point Spatial role: provisional_catchment. Area analisis provisional; menunggu konfirmasi batas DAS resmi.,02:00,7,6.912,cukup,"BMKG,CMA,ECMWF,GFS,ICON,METEOFRANCE,UKMO",Hujan Ringan,87.0,Tinggi,15.46,+/-1.44,96.7,+/-2.56,0.1,+/-0.12,15.46,+/-1.44,0.0,14.5,27.7,57.9,0.0,0.0,1.44,2.56,0.12,1.44,7,1.0,8.57,60.0
gpm3,GPM3,2026-07-20,11.17.05.2002,Bale Redelong,provisional_catchment,yes,4.815409756944025,97.009911990332,Asia/Jakarta,Forecast Redelong representative point. BMKG ADM4 reference: 11.17.05.2002 (Bale Redelong). Initial BMKG reference for catchment point Spatial role: provisional_catchment. Area analisis provisional; menunggu konfirmasi batas DAS resmi.,03:00,7,7.216,cukup,"BMKG,CMA,ECMWF,GFS,ICON,METEOFRANCE,UKMO",Hujan Ringan,87.4,Tinggi,14.97,+/-0.63,96.61,+/-1.75,0.72,+/-0.79,14.97,+/-0.63,13.9,0.0,30.7,55.4,0.0,0.0,0.63,1.75,0.79,0.63,7,1.0,0.0,0.0
gpm3,GPM3,2026-07-20,11.17.05.2002,Bale Redelong,provisional_catchment,yes,4.815409756944025,97.009911990332,Asia/Jakarta,Forecast Redelong representative point. BMKG ADM4 reference: 11.17.05.2002 (Bale Redelong). Initial BMKG reference for catchment point Spatial role: provisional_catchment. Area analisis provisional; menunggu konfirmasi batas DAS resmi.,04:00,7,6.912,cukup,"BMKG,CMA,ECMWF,GFS,ICON,METEOFRANCE,UKMO",Hujan Ringan,86.8,Tinggi,14.83,+/-0.79,96.55,+/-1.68,0.75,+/-0.83,14.83,+/-0.79,14.5,0.0,27.7,57.9,0.0,0.0,0.79,1.68,0.83,0.79,7,1.0,8.57,60.0
gpm3,GPM3,2026-07-20,11.17.05.2002,Bale Redelong,provisional_catchment,yes,4.815409756944025,97.009911990332,Asia/Jakarta,Forecast Redelong representative point. BMKG ADM4 reference: 11.17.05.2002 (Bale Redelong). Initial BMKG reference for catchment point Spatial role: provisional_catchment. Area analisis provisional; menunggu konfirmasi batas DAS resmi.,05:00,7,6.912,cukup,"BMKG,CMA,ECMWF,GFS,ICON,METEOFRANCE,UKMO",Hujan Ringan,86.9,Tinggi,15.44,+/-1.46,95.59,+/-2.2,0.3,+/-0.3,15.44,+/-1.46,14.5,13.2,14.5,57.9,0.0,0.0,1.46,2.2,0.3,1.46,7,1.0,8.57,60.0
gpm3,GPM3,2026-07-20,11.17.05.2002,Bale Redelong,provisional_catchment,yes,4.815409756944025,97.009911990332,Asia/Jakarta,Forecast Redelong representative point. BMKG ADM4 reference: 11.17.05.2002 (Bale Redelong). Initial BMKG reference for catchment point Spatial role: provisional_catchment. Area analisis provisional; menunggu konfirmasi batas DAS resmi.,06:00,7,7.216,cukup,"BMKG,CMA,ECMWF,GFS,ICON,METEOFRANCE,UKMO",Hujan Ringan,87.4,Tinggi,15.49,+/-1.37,94.97,+/-2.58,0.12,+/-0.11,15.49,+/-1.37,13.9,16.9,13.9,55.4,0.0,0.0,1.37,2.58,0.11,1.37,7,1.0,0.0,0.0
gpm3,GPM3,2026-07-20,11.17.05.2002,Bale Redelong,provisional_catchment,yes,4.815409756944025,97.009911990332,Asia/Jakarta,Forecast Redelong representative point. BMKG ADM4 reference: 11.17.05.2002 (Bale Redelong). Initial BMKG reference for catchment point Spatial role: provisional_catchment. Area analisis provisional; menunggu konfirmasi batas DAS resmi.,07:00,7,6.912,cukup,"BMKG,CMA,ECMWF,GFS,ICON,METEOFRANCE,UKMO",Hujan Ringan,83.7,Tinggi,15.41,+/-0.62,93.86,+/-3.46,0.1,+/-0.12,15.41,+/-0.62,14.5,13.2,28.9,43.4,0.0,0.0,0.62,3.46,0.12,0.62,7,1.0,8.57,60.0
gpm3,GPM3,2026-07-20,11.17.05.2002,Bale Redelong,provisional_catchment,yes,4.815409756944025,97.009911990332,Asia/Jakarta,Forecast Redelong representative point. BMKG ADM4 reference: 11.17.05.2002 (Bale Redelong). Initial BMKG reference for catchment point Spatial role: provisional_catchment. Area analisis provisional; menunggu konfirmasi batas DAS resmi.,08:00,7,6.912,cukup,"BMKG,CMA,ECMWF,GFS,ICON,METEOFRANCE,UKMO",Hujan Ringan,83.6,Tinggi,16.9,+/-0.37,90.59,+/-5.99,0.13,+/-0.15,16.9,+/-0.37,27.7,0.0,28.9,43.4,0.0,0.0,0.37,5.99,0.15,0.37,7,1.0,8.57,60.0
gpm3,GPM3,2026-07-20,11.17.05.2002,Bale Redelong,provisional_catchment,yes,4.815409756944025,97.009911990332,Asia/Jakarta,Forecast Redelong representative point. BMKG ADM4 reference: 11.17.05.2002 (Bale Redelong). Initial BMKG reference for catchment point Spatial role: provisional_catchment. Area analisis provisional; menunggu konfirmasi batas DAS resmi.,09:00,7,7.216,cukup,"BMKG,CMA,ECMWF,GFS,ICON,METEOFRANCE,UKMO",Hujan Ringan,83.9,Tinggi,19.06,+/-1.28,87.17,+/-2.34,0.2,+/-0.23,19.06,+/-1.28,30.7,0.0,27.7,41.6,0.0,0.0,1.28,2.34,0.23,1.28,7,1.0,0.0,0.0
gpm3,GPM3,2026-07-20,11.17.05.2002,Bale Redelong,provisional_catchment,yes,4.815409756944025,97.009911990332,Asia/Jakarta,Forecast Redelong representative point. BMKG ADM4 reference: 11.17.05.2002 (Bale Redelong). Initial BMKG reference for catchment point Spatial role: provisional_catchment. Area analisis provisional; menunggu konfirmasi batas DAS resmi.,10:00,7,6.912,cukup,"BMKG,CMA,ECMWF,GFS,ICON,METEOFRANCE,UKMO",Hujan Ringan,87.2,Tinggi,19.91,+/-1.12,84.8,+/-1.47,0.22,+/-0.18,19.91,+/-1.12,13.2,14.5,14.5,57.9,0.0,0.0,1.12,1.47,0.18,1.12,7,1.0,8.57,60.0
gpm3,GPM3,2026-07-20,11.17.05.2002,Bale Redelong,provisional_catchment,yes,4.815409756944025,97.009911990332,Asia/Jakarta,Forecast Redelong representative point. BMKG ADM4 reference: 11.17.05.2002 (Bale Redelong). Initial BMKG reference for catchment point Spatial role: provisional_catchment. Area analisis provisional; menunggu konfirmasi batas DAS resmi.,11:00,7,6.912,cukup,"BMKG,CMA,ECMWF,GFS,ICON,METEOFRANCE,UKMO",Hujan Ringan,86.5,Tinggi,21.16,+/-1.6,81.0,+/-4.93,0.6,+/-0.47,21.16,+/-1.6,13.2,0.0,14.5,57.9,0.0,14.5,1.6,4.93,0.47,1.6,7,1.0,8.57,60.0
gpm3,GPM3,2026-07-20,11.17.05.2002,Bale Redelong,provisional_catchment,yes,4.815409756944025,97.009911990332,Asia/Jakarta,Forecast Redelong representative point. BMKG ADM4 reference: 11.17.05.2002 (Bale Redelong). Initial BMKG reference for catchment point Spatial role: provisional_catchment. Area analisis provisional; menunggu konfirmasi batas DAS resmi.,12:00,7,7.216,cukup,"BMKG,CMA,ECMWF,GFS,ICON,METEOFRANCE,UKMO",Hujan Ringan,89.9,Tinggi,21.27,+/-1.71,80.35,+/-8.94,0.95,+/-0.6,21.27,+/-1.71,16.9,0.0,0.0,69.3,0.0,13.9,1.71,8.94,0.6,1.71,7,1.0,0.0,0.0
gpm3,GPM3,2026-07-20,11.17.05.2002,Bale Redelong,provisional_catchment,yes,4.815409756944025,97.009911990332,Asia/Jakarta,Forecast Redelong representative point. BMKG ADM4 reference: 11.17.05.2002 (Bale Redelong). Initial BMKG reference for catchment point Spatial role: provisional_catchment. Area analisis provisional; menunggu konfirmasi batas DAS resmi.,13:00,7,6.912,cukup,"BMKG,CMA,ECMWF,GFS,ICON,METEOFRANCE,UKMO",Hujan Ringan,82.9,Tinggi,19.98,+/-0.18,82.23,+/-10.23,1.52,+/-0.86,19.98,+/-0.18,13.2,0.0,0.0,43.4,14.5,28.9,0.18,10.23,0.86,0.18,7,1.0,8.57,60.0
gpm3,GPM3,2026-07-20,11.17.05.2002,Bale Redelong,provisional_catchment,yes,4.815409756944025,97.009911990332,Asia/Jakarta,Forecast Redelong representative point. BMKG ADM4 reference: 11.17.05.2002 (Bale Redelong). Initial BMKG reference for catchment point Spatial role: provisional_catchment. Area analisis provisional; menunggu konfirmasi batas DAS resmi.,14:00,7,6.912,cukup,"BMKG,CMA,ECMWF,GFS,ICON,METEOFRANCE,UKMO",Hujan Sedang,81.8,Tinggi,20.22,+/-1.57,87.62,+/-8.2,2.93,+/-1.53,20.22,+/-1.57,0.0,0.0,0.0,42.1,43.4,14.5,1.57,8.2,1.53,1.57,7,1.0,8.57,60.0
gpm3,GPM3,2026-07-20,11.17.05.2002,Bale Redelong,provisional_catchment,yes,4.815409756944025,97.009911990332,Asia/Jakarta,Forecast Redelong representative point. BMKG ADM4 reference: 11.17.05.2002 (Bale Redelong). Initial BMKG reference for catchment point Spatial role: provisional_catchment. Area analisis provisional; menunggu konfirmasi batas DAS resmi.,15:00,7,7.216,cukup,"BMKG,CMA,ECMWF,GFS,ICON,METEOFRANCE,UKMO",Hujan Ringan,86.6,Tinggi,19.64,+/-1.88,89.4,+/-8.34,2.45,+/-1.29,19.64,+/-1.88,0.0,0.0,0.0,58.4,27.7,13.9,1.88,8.34,1.29,1.88,7,1.0,0.0,0.0
gpm3,GPM3,2026-07-20,11.17.05.2002,Bale Redelong,provisional_catchment,yes,4.815409756944025,97.009911990332,Asia/Jakarta,Forecast Redelong representative point. BMKG ADM4 reference: 11.17.05.2002 (Bale Redelong). Initial BMKG reference for catchment point Spatial role: provisional_catchment. Area analisis provisional; menunggu konfirmasi batas DAS resmi.,16:00,7,6.912,cukup,"BMKG,CMA,ECMWF,GFS,ICON,METEOFRANCE,UKMO",Hujan Ringan,81.7,Tinggi,19.19,+/-1.77,90.51,+/-7.28,2.05,+/-1.21,19.19,+/-1.77,0.0,0.0,14.5,42.1,28.9,14.5,1.77,7.28,1.21,1.77,7,1.0,8.57,60.0
gpm3,GPM3,2026-07-20,11.17.05.2002,Bale Redelong,provisional_catchment,yes,4.815409756944025,97.009911990332,Asia/Jakarta,Forecast Redelong representative point. BMKG ADM4 reference: 11.17.05.2002 (Bale Redelong). Initial BMKG reference for catchment point Spatial role: provisional_catchment. Area analisis provisional; menunggu konfirmasi batas DAS resmi.,17:00,7,6.912,cukup,"BMKG,CMA,ECMWF,GFS,ICON,METEOFRANCE,UKMO",Hujan Ringan,86.4,Tinggi,18.32,+/-1.55,95.35,+/-2.06,1.1,+/-0.8,18.32,+/-1.55,0.0,13.2,0.0,57.9,14.5,14.5,1.55,2.06,0.8,1.55,7,1.0,8.57,60.0
gpm3,GPM3,2026-07-20,11.17.05.2002,Bale Redelong,provisional_catchment,yes,4.815409756944025,97.009911990332,Asia/Jakarta,Forecast Redelong representative point. BMKG ADM4 reference: 11.17.05.2002 (Bale Redelong). Initial BMKG reference for catchment point Spatial role: provisional_catchment. Area analisis provisional; menunggu konfirmasi batas DAS resmi.,18:00,7,7.216,cukup,"BMKG,CMA,ECMWF,GFS,ICON,METEOFRANCE,UKMO",Hujan Ringan,91.0,Tinggi,17.79,+/-0.64,95.52,+/-2.18,0.6,+/-0.56,17.79,+/-0.64,0.0,16.9,13.9,69.3,0.0,0.0,0.64,2.18,0.56,0.64,7,1.0,0.0,0.0
gpm3,GPM3,2026-07-20,11.17.05.2002,Bale Redelong,provisional_catchment,yes,4.815409756944025,97.009911990332,Asia/Jakarta,Forecast Redelong representative point. BMKG ADM4 reference: 11.17.05.2002 (Bale Redelong). Initial BMKG reference for catchment point Spatial role: provisional_catchment. Area analisis provisional; menunggu konfirmasi batas DAS resmi.,19:00,7,6.912,cukup,"BMKG,CMA,ECMWF,GFS,ICON,METEOFRANCE,UKMO",Hujan Ringan,90.5,Tinggi,17.25,+/-1.46,96.89,+/-1.71,0.45,+/-0.37,17.25,+/-1.46,0.0,13.2,14.5,72.3,0.0,0.0,1.46,1.71,0.37,1.46,7,1.0,8.57,60.0
gpm3,GPM3,2026-07-20,11.17.05.2002,Bale Redelong,provisional_catchment,yes,4.815409756944025,97.009911990332,Asia/Jakarta,Forecast Redelong representative point. BMKG ADM4 reference: 11.17.05.2002 (Bale Redelong). Initial BMKG reference for catchment point Spatial role: provisional_catchment. Area analisis provisional; menunggu konfirmasi batas DAS resmi.,20:00,7,6.912,cukup,"BMKG,CMA,ECMWF,GFS,ICON,METEOFRANCE,UKMO",Berawan,84.1,Tinggi,16.87,+/-0.11,96.92,+/-2.71,0.06,+/-0.05,16.87,+/-0.11,0.0,13.2,43.4,43.4,0.0,0.0,0.11,2.71,0.05,0.11,7,1.0,8.57,60.0
gpm3,GPM3,2026-07-20,11.17.05.2002,Bale Redelong,provisional_catchment,yes,4.815409756944025,97.009911990332,Asia/Jakarta,Forecast Redelong representative point. BMKG ADM4 reference: 11.17.05.2002 (Bale Redelong). Initial BMKG reference for catchment point Spatial role: provisional_catchment. Area analisis provisional; menunggu konfirmasi batas DAS resmi.,21:00,7,7.216,cukup,"BMKG,CMA,ECMWF,GFS,ICON,METEOFRANCE,UKMO",Berawan,84.0,Tinggi,16.56,+/-1.46,97.83,+/-2.41,0.08,+/-0.09,16.56,+/-1.46,0.0,16.9,41.6,41.6,0.0,0.0,1.46,2.41,0.09,1.46,7,1.0,0.0,0.0
gpm3,GPM3,2026-07-20,11.17.05.2002,Bale Redelong,provisional_catchment,yes,4.815409756944025,97.009911990332,Asia/Jakarta,Forecast Redelong representative point. BMKG ADM4 reference: 11.17.05.2002 (Bale Redelong). Initial BMKG reference for catchment point Spatial role: provisional_catchment. Area analisis provisional; menunggu konfirmasi batas DAS resmi.,22:00,7,6.912,cukup,"BMKG,CMA,ECMWF,GFS,ICON,METEOFRANCE,UKMO",Berawan,91.0,Tinggi,16.04,+/-0.81,98.6,+/-1.85,0.02,+/-0.04,16.04,+/-0.81,0.0,13.2,72.3,14.5,0.0,0.0,0.81,1.85,0.04,0.81,7,1.0,8.57,60.0
gpm3,GPM3,2026-07-20,11.17.05.2002,Bale Redelong,provisional_catchment,yes,4.815409756944025,97.009911990332,Asia/Jakarta,Forecast Redelong representative point. BMKG ADM4 reference: 11.17.05.2002 (Bale Redelong). Initial BMKG reference for catchment point Spatial role: provisional_catchment. Area analisis provisional; menunggu konfirmasi batas DAS resmi.,23:00,7,6.6688,cukup,"BMKG,CMA,ECMWF,GFS,ICON,METEOFRANCE,UKMO",Berawan,86.8,Tinggi,16.39,+/-1.4,96.8,+/-2.86,0.0,+/-0.0,16.39,+/-1.4,0.0,40.0,60.0,0.0,0.0,0.0,1.4,2.86,0.0,1.4,7,1.0,17.14,120.0
gpm3,GPM3,2026-07-21,11.17.05.2002,Bale Redelong,provisional_catchment,yes,4.815409756944025,97.009911990332,Asia/Jakarta,Forecast Redelong representative point. BMKG ADM4 reference: 11.17.05.2002 (Bale Redelong). Initial BMKG reference for catchment point Spatial role: provisional_catchment. Area analisis provisional; menunggu konfirmasi batas DAS resmi.,00:00,7,7.2274,cukup,"BMKG,CMA,ECMWF,GFS,ICON,METEOFRANCE,UKMO",Cerah Berawan,88.6,Tinggi,15.55,+/-0.83,96.35,+/-2.14,0.0,+/-0.0,15.55,+/-0.83,0.0,58.5,41.5,0.0,0.0,0.0,0.83,2.14,0.0,0.83,7,1.0,0.0,0.0
gpm3,GPM3,2026-07-21,11.17.05.2002,Bale Redelong,provisional_catchment,yes,4.815409756944025,97.009911990332,Asia/Jakarta,Forecast Redelong representative point. BMKG ADM4 reference: 11.17.05.2002 (Bale Redelong). Initial BMKG reference for catchment point Spatial role: provisional_catchment. Area analisis provisional; menunggu konfirmasi batas DAS resmi.,01:00,7,6.9205,cukup,"BMKG,CMA,ECMWF,GFS,ICON,METEOFRANCE,UKMO",Cerah Berawan,86.8,Tinggi,15.84,+/-1.43,96.02,+/-2.33,0.0,+/-0.0,15.84,+/-1.43,0.0,56.7,43.3,0.0,0.0,0.0,1.43,2.33,0.0,1.43,7,1.0,8.57,60.0
gpm3,GPM3,2026-07-21,11.17.05.2002,Bale Redelong,provisional_catchment,yes,4.815409756944025,97.009911990332,Asia/Jakarta,Forecast Redelong representative point. BMKG ADM4 reference: 11.17.05.2002 (Bale Redelong). Initial BMKG reference for catchment point Spatial role: provisional_catchment. Area analisis provisional; menunggu konfirmasi batas DAS resmi.,02:00,7,6.9205,cukup,"BMKG,CMA,ECMWF,GFS,ICON,METEOFRANCE,UKMO",Cerah Berawan,86.8,Tinggi,15.6,+/-1.51,96.16,+/-2.3,0.0,+/-0.0,15.6,+/-1.51,0.0,56.7,43.3,0.0,0.0,0.0,1.51,2.3,0.0,1.51,7,1.0,8.57,60.0
gpm3,GPM3,2026-07-21,11.17.05.2002,Bale Redelong,provisional_catchment,yes,4.815409756944025,97.009911990332,Asia/Jakarta,Forecast Redelong representative point. BMKG ADM4 reference: 11.17.05.2002 (Bale Redelong). Initial BMKG reference for catchment point Spatial role: provisional_catchment. Area analisis provisional; menunggu konfirmasi batas DAS resmi.,03:00,7,7.2274,cukup,"BMKG,CMA,ECMWF,GFS,ICON,METEOFRANCE,UKMO",Cerah Berawan,88.3,Tinggi,15.46,+/-1.46,96.25,+/-2.29,0.0,+/-0.0,15.46,+/-1.46,0.0,58.5,41.5,0.0,0.0,0.0,1.46,2.29,0.0,1.46,7,1.0,0.0,0.0
gpm3,GPM3,2026-07-21,11.17.05.2002,Bale Redelong,provisional_catchment,yes,4.815409756944025,97.009911990332,Asia/Jakarta,Forecast Redelong representative point. BMKG ADM4 reference: 11.17.05.2002 (Bale Redelong). Initial BMKG reference for catchment point Spatial role: provisional_catchment. Area analisis provisional; menunggu konfirmasi batas DAS resmi.,04:00,7,6.9205,cukup,"BMKG,CMA,ECMWF,GFS,ICON,METEOFRANCE,UKMO",Cerah Berawan,86.8,Tinggi,15.38,+/-1.51,96.16,+/-2.54,0.0,+/-0.0,15.38,+/-1.51,0.0,56.7,43.3,0.0,0.0,0.0,1.51,2.54,0.0,1.51,7,1.0,8.57,60.0
gpm3,GPM3,2026-07-21,11.17.05.2002,Bale Redelong,provisional_catchment,yes,4.815409756944025,97.009911990332,Asia/Jakarta,Forecast Redelong representative point. BMKG ADM4 reference: 11.17.05.2002 (Bale Redelong). Initial BMKG reference for catchment point Spatial role: provisional_catchment. Area analisis provisional; menunggu konfirmasi batas DAS resmi.,05:00,7,6.9205,cukup,"BMKG,CMA,ECMWF,GFS,ICON,METEOFRANCE,UKMO",Berawan,83.5,Tinggi,15.38,+/-1.44,95.77,+/-2.73,0.0,+/-0.0,15.38,+/-1.44,14.4,42.2,43.3,0.0,0.0,0.0,1.44,2.73,0.0,1.44,7,1.0,8.57,60.0
gpm3,GPM3,2026-07-21,11.17.05.2002,Bale Redelong,provisional_catchment,yes,4.815409756944025,97.009911990332,Asia/Jakarta,Forecast Redelong representative point. BMKG ADM4 reference: 11.17.05.2002 (Bale Redelong). Initial BMKG reference for catchment point Spatial role: provisional_catchment. Area analisis provisional; menunggu konfirmasi batas DAS resmi.,06:00,7,7.2274,cukup,"BMKG,CMA,ECMWF,GFS,ICON,METEOFRANCE,UKMO",Cerah Berawan,84.9,Tinggi,15.39,+/-1.37,95.43,+/-2.59,0.0,+/-0.0,15.39,+/-1.37,13.8,44.7,41.5,0.0,0.0,0.0,1.37,2.59,0.0,1.37,7,1.0,0.0,0.0
gpm3,GPM3,2026-07-21,11.17.05.2002,Bale Redelong,provisional_catchment,yes,4.815409756944025,97.009911990332,Asia/Jakarta,Forecast Redelong representative point. BMKG ADM4 reference: 11.17.05.2002 (Bale Redelong). Initial BMKG reference for catchment point Spatial role: provisional_catchment. Area analisis provisional; menunggu konfirmasi batas DAS resmi.,07:00,7,6.9205,cukup,"BMKG,CMA,ECMWF,GFS,ICON,METEOFRANCE,UKMO",Berawan,87.2,Tinggi,15.64,+/-1.17,94.76,+/-2.35,0.0,+/-0.0,15.64,+/-1.17,14.4,27.8,57.8,0.0,0.0,0.0,1.17,2.35,0.0,1.17,7,1.0,8.57,60.0
gpm3,GPM3,2026-07-21,11.17.05.2002,Bale Redelong,provisional_catchment,yes,4.815409756944025,97.009911990332,Asia/Jakarta,Forecast Redelong representative point. BMKG ADM4 reference: 11.17.05.2002 (Bale Redelong). Initial BMKG reference for catchment point Spatial role: provisional_catchment. Area analisis provisional; menunggu konfirmasi batas DAS resmi.,08:00,7,6.9205,cukup,"BMKG,CMA,ECMWF,GFS,ICON,METEOFRANCE,UKMO",Berawan,83.4,Tinggi,17.98,+/-1.46,90.33,+/-2.69,0.0,+/-0.0,17.98,+/-1.46,14.4,42.2,43.3,0.0,0.0,0.0,1.46,2.69,0.0,1.46,7,1.0,8.57,60.0
gpm3,GPM3,2026-07-21,11.17.05.2002,Bale Redelong,provisional_catchment,yes,4.815409756944025,97.009911990332,Asia/Jakarta,Forecast Redelong representative point. BMKG ADM4 reference: 11.17.05.2002 (Bale Redelong). Initial BMKG reference for catchment point Spatial role: provisional_catchment. Area analisis provisional; menunggu konfirmasi batas DAS resmi.,09:00,7,7.2274,cukup,"BMKG,CMA,ECMWF,GFS,ICON,METEOFRANCE,UKMO",Cerah Berawan,84.9,Tinggi,19.28,+/-0.9,80.95,+/-5.25,0.0,+/-0.0,19.28,+/-0.9,13.8,44.7,41.5,0.0,0.0,0.0,0.9,5.25,0.0,0.9,7,1.0,0.0,0.0
gpm3,GPM3,2026-07-21,11.17.05.2002,Bale Redelong,provisional_catchment,yes,4.815409756944025,97.009911990332,Asia/Jakarta,Forecast Redelong representative point. BMKG ADM4 reference: 11.17.05.2002 (Bale Redelong). Initial BMKG reference for catchment point Spatial role: provisional_catchment. Area analisis provisional; menunggu konfirmasi batas DAS resmi.,10:00,7,6.9205,cukup,"BMKG,CMA,ECMWF,GFS,ICON,METEOFRANCE,UKMO",Berawan,87.2,Tinggi,20.43,+/-0.56,76.01,+/-6.43,0.0,+/-0.0,20.43,+/-0.56,0.0,42.2,57.8,0.0,0.0,0.0,0.56,6.43,0.0,0.56,7,1.0,8.57,60.0
gpm3,GPM3,2026-07-21,11.17.05.2002,Bale Redelong,provisional_catchment,yes,4.815409756944025,97.009911990332,Asia/Jakarta,Forecast Redelong representative point. BMKG ADM4 reference: 11.17.05.2002 (Bale Redelong). Initial BMKG reference for catchment point Spatial role: provisional_catchment. Area analisis provisional; menunggu konfirmasi batas DAS resmi.,11:00,7,6.9205,cukup,"BMKG,CMA,ECMWF,GFS,ICON,METEOFRANCE,UKMO",Hujan Ringan,89.9,Tinggi,21.53,+/-1.39,73.91,+/-9.52,0.57,+/-0.44,21.53,+/-1.39,13.3,0.0,14.4,72.2,0.0,0.0,1.39,9.52,0.44,1.39,7,1.0,8.57,60.0
gpm3,GPM3,2026-07-21,11.17.05.2002,Bale Redelong,provisional_catchment,yes,4.815409756944025,97.009911990332,Asia/Jakarta,Forecast Redelong representative point. BMKG ADM4 reference: 11.17.05.2002 (Bale Redelong). Initial BMKG reference for catchment point Spatial role: provisional_catchment. Area analisis provisional; menunggu konfirmasi batas DAS resmi.,12:00,7,7.2274,cukup,"BMKG,CMA,ECMWF,GFS,ICON,METEOFRANCE,UKMO",Hujan Ringan,89.9,Tinggi,21.14,+/-1.67,78.86,+/-10.66,0.93,+/-0.41,21.14,+/-1.67,17.0,0.0,0.0,69.2,0.0,13.8,1.67,10.66,0.41,1.67,7,1.0,0.0,0.0
gpm3,GPM3,2026-07-21,11.17.05.2002,Bale Redelong,provisional_catchment,yes,4.815409756944025,97.009911990332,Asia/Jakarta,Forecast Redelong representative point. BMKG ADM4 reference: 11.17.05.2002 (Bale Redelong). Initial BMKG reference for catchment point Spatial role: provisional_catchment. Area analisis provisional; menunggu konfirmasi batas DAS resmi.,13:00,7,6.9205,cukup,"BMKG,CMA,ECMWF,GFS,ICON,METEOFRANCE,UKMO",Hujan Ringan,90.4,Tinggi,20.12,+/-1.22,88.5,+/-3.55,1.2,+/-0.44,20.12,+/-1.22,13.3,0.0,0.0,72.2,0.0,14.4,1.22,3.55,0.44,1.22,7,1.0,8.57,60.0
gpm3,GPM3,2026-07-21,11.17.05.2002,Bale Redelong,provisional_catchment,yes,4.815409756944025,97.009911990332,Asia/Jakarta,Forecast Redelong representative point. BMKG ADM4 reference: 11.17.05.2002 (Bale Redelong). Initial BMKG reference for catchment point Spatial role: provisional_catchment. Area analisis provisional; menunggu konfirmasi batas DAS resmi.,14:00,7,6.9205,cukup,"BMKG,CMA,ECMWF,GFS,ICON,METEOFRANCE,UKMO",Hujan Ringan,82.2,Tinggi,20.22,+/-1.26,86.96,+/-9.34,2.42,+/-1.16,20.22,+/-1.26,0.0,13.3,0.0,43.3,14.4,28.9,1.26,9.34,1.16,1.26,7,1.0,8.57,60.0
gpm3,GPM3,2026-07-21,11.17.05.2002,Bale Redelong,provisional_catchment,yes,4.815409756944025,97.009911990332,Asia/Jakarta,Forecast Redelong representative point. BMKG ADM4 reference: 11.17.05.2002 (Bale Redelong). Initial BMKG reference for catchment point Spatial role: provisional_catchment. Area analisis provisional; menunggu konfirmasi batas DAS resmi.,15:00,7,7.2274,cukup,"BMKG,CMA,ECMWF,GFS,ICON,METEOFRANCE,UKMO",Hujan Ringan,82.9,Tinggi,20.09,+/-1.2,91.33,+/-4.27,2.75,+/-1.51,20.09,+/-1.2,0.0,17.0,0.0,41.5,13.8,27.7,1.2,4.27,1.51,1.2,7,1.0,0.0,0.0
gpm3,GPM3,2026-07-21,11.17.05.2002,Bale Redelong,provisional_catchment,yes,4.815409756944025,97.009911990332,Asia/Jakarta,Forecast Redelong representative point. BMKG ADM4 reference: 11.17.05.2002 (Bale Redelong). Initial BMKG reference for catchment point Spatial role: provisional_catchment. Area analisis provisional; menunggu konfirmasi batas DAS resmi.,16:00,7,6.9205,cukup,"BMKG,CMA,ECMWF,GFS,ICON,METEOFRANCE,UKMO",Hujan Ringan,82.5,Tinggi,19.76,+/-1.17,92.17,+/-4.88,2.5,+/-1.18,19.76,+/-1.17,0.0,13.3,0.0,43.3,28.9,14.4,1.17,4.88,1.18,1.17,7,1.0,8.57,60.0
gpm3,GPM3,2026-07-21,11.17.05.2002,Bale Redelong,provisional_catchment,yes,4.815409756944025,97.009911990332,Asia/Jakarta,Forecast Redelong representative point. BMKG ADM4 reference: 11.17.05.2002 (Bale Redelong). Initial BMKG reference for catchment point Spatial role: provisional_catchment. Area analisis provisional; menunggu konfirmasi batas DAS resmi.,17:00,7,6.9205,cukup,"BMKG,CMA,ECMWF,GFS,ICON,METEOFRANCE,UKMO",Hujan Ringan,90.7,Tinggi,18.96,+/-0.81,93.17,+/-4.07,0.86,+/-0.27,18.96,+/-0.81,13.3,0.0,0.0,72.2,0.0,14.4,0.81,4.07,0.27,0.81,7,1.0,8.57,60.0
gpm3,GPM3,2026-07-21,11.17.05.2002,Bale Redelong,provisional_catchment,yes,4.815409756944025,97.009911990332,Asia/Jakarta,Forecast Redelong representative point. BMKG ADM4 reference: 11.17.05.2002 (Bale Redelong). Initial BMKG reference for catchment point Spatial role: provisional_catchment. Area analisis provisional; menunggu konfirmasi batas DAS resmi.,18:00,7,7.2274,cukup,"BMKG,CMA,ECMWF,GFS,ICON,METEOFRANCE,UKMO",Hujan Ringan,94.4,Tinggi,18.49,+/-0.91,94.46,+/-3.34,0.8,+/-0.26,18.49,+/-0.91,17.0,0.0,0.0,83.0,0.0,0.0,0.91,3.34,0.26,0.91,7,1.0,0.0,0.0
gpm3,GPM3,2026-07-21,11.17.05.2002,Bale Redelong,provisional_catchment,yes,4.815409756944025,97.009911990332,Asia/Jakarta,Forecast Redelong representative point. BMKG ADM4 reference: 11.17.05.2002 (Bale Redelong). Initial BMKG reference for catchment point Spatial role: provisional_catchment. Area analisis provisional; menunggu konfirmasi batas DAS resmi.,19:00,7,6.9205,cukup,"BMKG,CMA,ECMWF,GFS,ICON,METEOFRANCE,UKMO",Hujan Ringan,90.4,Tinggi,17.79,+/-1.26,95.62,+/-2.99,0.72,+/-0.4,17.79,+/-1.26,13.3,0.0,14.4,72.2,0.0,0.0,1.26,2.99,0.4,1.26,7,1.0,8.57,60.0
gpm3,GPM3,2026-07-21,11.17.05.2002,Bale Redelong,provisional_catchment,yes,4.815409756944025,97.009911990332,Asia/Jakarta,Forecast Redelong representative point. BMKG ADM4 reference: 11.17.05.2002 (Bale Redelong). Initial BMKG reference for catchment point Spatial role: provisional_catchment. Area analisis provisional; menunggu konfirmasi batas DAS resmi.,20:00,7,6.9205,cukup,"BMKG,CMA,ECMWF,GFS,ICON,METEOFRANCE,UKMO",Hujan Ringan,83.9,Tinggi,16.88,+/-0.27,97.42,+/-2.33,0.22,+/-0.25,16.88,+/-0.27,13.3,14.4,28.9,43.3,0.0,0.0,0.27,2.33,0.25,0.27,7,1.0,8.57,60.0
gpm3,GPM3,2026-07-21,11.17.05.2002,Bale Redelong,provisional_catchment,yes,4.815409756944025,97.009911990332,Asia/Jakarta,Forecast Redelong representative point. BMKG ADM4 reference: 11.17.05.2002 (Bale Redelong). Initial BMKG reference for catchment point Spatial role: provisional_catchment. Area analisis provisional; menunggu konfirmasi batas DAS resmi.,21:00,7,7.2274,cukup,"BMKG,CMA,ECMWF,GFS,ICON,METEOFRANCE,UKMO",Berawan,81.0,Tinggi,16.37,+/-0.56,97.31,+/-1.56,0.12,+/-0.19,16.37,+/-0.56,17.0,27.7,27.7,27.7,0.0,0.0,0.56,1.56,0.19,0.56,7,1.0,0.0,0.0
gpm3,GPM3,2026-07-21,11.17.05.2002,Bale Redelong,provisional_catchment,yes,4.815409756944025,97.009911990332,Asia/Jakarta,Forecast Redelong representative point. BMKG ADM4 reference: 11.17.05.2002 (Bale Redelong). Initial BMKG reference for catchment point Spatial role: provisional_catchment. Area analisis provisional; menunggu konfirmasi batas DAS resmi.,22:00,7,6.9205,cukup,"BMKG,CMA,ECMWF,GFS,ICON,METEOFRANCE,UKMO",Hujan Ringan,83.6,Tinggi,16.47,+/-1.11,96.99,+/-1.61,0.17,+/-0.19,16.47,+/-1.11,27.8,0.0,28.9,43.3,0.0,0.0,1.11,1.61,0.19,1.11,7,1.0,8.57,60.0
gpm3,GPM3,2026-07-21,11.17.05.2002,Bale Redelong,provisional_catchment,yes,4.815409756944025,97.009911990332,Asia/Jakarta,Forecast Redelong representative point. BMKG ADM4 reference: 11.17.05.2002 (Bale Redelong). Initial BMKG reference for catchment point Spatial role: provisional_catchment. Area analisis provisional; menunggu konfirmasi batas DAS resmi.,23:00,7,6.6751,cukup,"BMKG,CMA,ECMWF,GFS,ICON,METEOFRANCE,UKMO",Hujan Ringan,83.1,Tinggi,16.18,+/-1.11,96.8,+/-2.06,0.08,+/-0.12,16.18,+/-1.11,25.1,30.0,0.0,44.9,0.0,0.0,1.11,2.06,0.12,1.11,7,1.0,17.14,120.0
gpm3,GPM3,2026-07-22,11.17.05.2002,Bale Redelong,provisional_catchment,yes,4.815409756944025,97.009911990332,Asia/Jakarta,Forecast Redelong representative point. BMKG ADM4 reference: 11.17.05.2002 (Bale Redelong). Initial BMKG reference for catchment point Spatial role: provisional_catchment. Area analisis provisional; menunggu konfirmasi batas DAS resmi.,00:00,6,6.0,cukup,"CMA,ECMWF,GFS,ICON,METEOFRANCE,UKMO",Hujan Ringan,77.1,Sedang,15.87,+/-1.12,96.0,+/-2.65,0.08,+/-0.11,15.87,+/-1.12,16.7,16.7,16.7,50.0,0.0,0.0,1.12,2.65,0.11,1.12,7,0.8571,0.0,0.0
gpm3,GPM3,2026-07-22,11.17.05.2002,Bale Redelong,provisional_catchment,yes,4.815409756944025,97.009911990332,Asia/Jakarta,Forecast Redelong representative point. BMKG ADM4 reference: 11.17.05.2002 (Bale Redelong). Initial BMKG reference for catchment point Spatial role: provisional_catchment. Area analisis provisional; menunggu konfirmasi batas DAS resmi.,01:00,6,6.0,cukup,"CMA,ECMWF,GFS,ICON,METEOFRANCE,UKMO",Hujan Ringan,72.9,Sedang,15.62,+/-1.1,96.17,+/-2.41,0.07,+/-0.11,15.62,+/-1.1,33.3,16.7,16.7,33.3,0.0,0.0,1.1,2.41,0.11,1.1,7,0.8571,0.0,0.0
gpm3,GPM3,2026-07-22,11.17.05.2002,Bale Redelong,provisional_catchment,yes,4.815409756944025,97.009911990332,Asia/Jakarta,Forecast Redelong representative point. BMKG ADM4 reference: 11.17.05.2002 (Bale Redelong). Initial BMKG reference for catchment point Spatial role: provisional_catchment. Area analisis provisional; menunggu konfirmasi batas DAS resmi.,02:00,6,6.0,cukup,"CMA,ECMWF,GFS,ICON,METEOFRANCE,UKMO",Cerah Berawan,81.4,Tinggi,15.32,+/-1.09,96.33,+/-2.21,0.0,+/-0.0,15.32,+/-1.09,0.0,66.7,33.3,0.0,0.0,0.0,1.09,2.21,0.0,1.09,7,0.8571,0.0,0.0
gpm3,GPM3,2026-07-22,11.17.05.2002,Bale Redelong,provisional_catchment,yes,4.815409756944025,97.009911990332,Asia/Jakarta,Forecast Redelong representative point. BMKG ADM4 reference: 11.17.05.2002 (Bale Redelong). Initial BMKG reference for catchment point Spatial role: provisional_catchment. Area analisis provisional; menunggu konfirmasi batas DAS resmi.,03:00,6,6.0,cukup,"CMA,ECMWF,GFS,ICON,METEOFRANCE,UKMO",Berawan,77.5,Sedang,14.68,+/-0.65,96.67,+/-1.6,0.0,+/-0.0,14.68,+/-0.65,0.0,50.0,50.0,0.0,0.0,0.0,0.65,1.6,0.0,0.65,7,0.8571,0.0,0.0
gpm3,GPM3,2026-07-22,11.17.05.2002,Bale Redelong,provisional_catchment,yes,4.815409756944025,97.009911990332,Asia/Jakarta,Forecast Redelong representative point. BMKG ADM4 reference: 11.17.05.2002 (Bale Redelong). Initial BMKG reference for catchment point Spatial role: provisional_catchment. Area analisis provisional; menunggu konfirmasi batas DAS resmi.,04:00,6,6.0,cukup,"CMA,ECMWF,GFS,ICON,METEOFRANCE,UKMO",Berawan,77.5,Sedang,14.5,+/-0.69,96.67,+/-1.25,0.0,+/-0.0,14.5,+/-0.69,16.7,33.3,50.0,0.0,0.0,0.0,0.69,1.25,0.0,0.69,7,0.8571,0.0,0.0
gpm3,GPM3,2026-07-22,11.17.05.2002,Bale Redelong,provisional_catchment,yes,4.815409756944025,97.009911990332,Asia/Jakarta,Forecast Redelong representative point. BMKG ADM4 reference: 11.17.05.2002 (Bale Redelong). Initial BMKG reference for catchment point Spatial role: provisional_catchment. Area analisis provisional; menunggu konfirmasi batas DAS resmi.,05:00,6,6.0,cukup,"CMA,ECMWF,GFS,ICON,METEOFRANCE,UKMO",Cerah Berawan,77.2,Sedang,14.78,+/-1.17,96.5,+/-2.06,0.0,+/-0.0,14.78,+/-1.17,16.7,50.0,33.3,0.0,0.0,0.0,1.17,2.06,0.0,1.17,7,0.8571,0.0,0.0
gpm3,GPM3,2026-07-22,11.17.05.2002,Bale Redelong,provisional_catchment,yes,4.815409756944025,97.009911990332,Asia/Jakarta,Forecast Redelong representative point. BMKG ADM4 reference: 11.17.05.2002 (Bale Redelong). Initial BMKG reference for catchment point Spatial role: provisional_catchment. Area analisis provisional; menunggu konfirmasi batas DAS resmi.,06:00,6,6.0,cukup,"CMA,ECMWF,GFS,ICON,METEOFRANCE,UKMO",Cerah Berawan,77.1,Sedang,14.7,+/-1.27,96.0,+/-2.58,0.0,+/-0.0,14.7,+/-1.27,16.7,50.0,33.3,0.0,0.0,0.0,1.27,2.58,0.0,1.27,7,0.8571,0.0,0.0
gpm3,GPM3,2026-07-22,11.17.05.2002,Bale Redelong,provisional_catchment,yes,4.815409756944025,97.009911990332,Asia/Jakarta,Forecast Redelong representative point. BMKG ADM4 reference: 11.17.05.2002 (Bale Redelong). Initial BMKG reference for catchment point Spatial role: provisional_catchment. Area analisis provisional; menunggu konfirmasi batas DAS resmi.,07:00,6,6.0,cukup,"CMA,ECMWF,GFS,ICON,METEOFRANCE,UKMO",Cerah Berawan,77.1,Sedang,15.2,+/-1.33,95.0,+/-1.9,0.0,+/-0.0,15.2,+/-1.33,16.7,50.0,33.3,0.0,0.0,0.0,1.33,1.9,0.0,1.33,7,0.8571,0.0,0.0
gpm3,GPM3,2026-07-22,11.17.05.2002,Bale Redelong,provisional_catchment,yes,4.815409756944025,97.009911990332,Asia/Jakarta,Forecast Redelong representative point. BMKG ADM4 reference: 11.17.05.2002 (Bale Redelong). Initial BMKG reference for catchment point Spatial role: provisional_catchment. Area analisis provisional; menunggu konfirmasi batas DAS resmi.,08:00,6,6.0,cukup,"CMA,ECMWF,GFS,ICON,METEOFRANCE,UKMO",Cerah Berawan,77.0,Sedang,17.08,+/-1.25,88.33,+/-3.77,0.0,+/-0.0,17.08,+/-1.25,16.7,50.0,33.3,0.0,0.0,0.0,1.25,3.77,0.0,1.25,7,0.8571,0.0,0.0
gpm3,GPM3,2026-07-22,11.17.05.2002,Bale Redelong,provisional_catchment,yes,4.815409756944025,97.009911990332,Asia/Jakarta,Forecast Redelong representative point. BMKG ADM4 reference: 11.17.05.2002 (Bale Redelong). Initial BMKG reference for catchment point Spatial role: provisional_catchment. Area analisis provisional; menunggu konfirmasi batas DAS resmi.,09:00,6,6.0,cukup,"CMA,ECMWF,GFS,ICON,METEOFRANCE,UKMO",Cerah Berawan,85.4,Tinggi,19.38,+/-1.03,79.17,+/-4.52,0.0,+/-0.0,19.38,+/-1.03,16.7,83.3,0.0,0.0,0.0,0.0,1.03,4.52,0.0,1.03,7,0.8571,0.0,0.0
gpm3,GPM3,2026-07-22,11.17.05.2002,Bale Redelong,provisional_catchment,yes,4.815409756944025,97.009911990332,Asia/Jakarta,Forecast Redelong representative point. BMKG ADM4 reference: 11.17.05.2002 (Bale Redelong). Initial BMKG reference for catchment point Spatial role: provisional_catchment. Area analisis provisional; menunggu konfirmasi batas DAS resmi.,10:00,6,6.0,cukup,"CMA,ECMWF,GFS,ICON,METEOFRANCE,UKMO",Cerah Berawan,85.3,Tinggi,21.22,+/-0.89,72.5,+/-7.21,0.0,+/-0.0,21.22,+/-0.89,0.0,83.3,16.7,0.0,0.0,0.0,0.89,7.21,0.0,0.89,7,0.8571,0.0,0.0
gpm3,GPM3,2026-07-22,11.17.05.2002,Bale Redelong,provisional_catchment,yes,4.815409756944025,97.009911990332,Asia/Jakarta,Forecast Redelong representative point. BMKG ADM4 reference: 11.17.05.2002 (Bale Redelong). Initial BMKG reference for catchment point Spatial role: provisional_catchment. Area analisis provisional; menunggu konfirmasi batas DAS resmi.,11:00,6,6.0,cukup,"CMA,ECMWF,GFS,ICON,METEOFRANCE,UKMO",Cerah Berawan,76.1,Sedang,22.27,+/-1.0,68.5,+/-10.63,0.45,+/-0.71,22.27,+/-1.0,0.0,50.0,16.7,33.3,0.0,0.0,1.0,10.63,0.71,1.0,7,0.8571,0.0,0.0
gpm3,GPM3,2026-07-22,11.17.05.2002,Bale Redelong,provisional_catchment,yes,4.815409756944025,97.009911990332,Asia/Jakarta,Forecast Redelong representative point. BMKG ADM4 reference: 11.17.05.2002 (Bale Redelong). Initial BMKG reference for catchment point Spatial role: provisional_catchment. Area analisis provisional; menunggu konfirmasi batas DAS resmi.,12:00,6,6.0,cukup,"CMA,ECMWF,GFS,ICON,METEOFRANCE,UKMO",Cerah Berawan,72.2,Sedang,23.12,+/-0.82,68.5,+/-14.8,0.05,+/-0.09,23.12,+/-0.82,0.0,33.3,16.7,33.3,0.0,16.7,0.82,14.8,0.09,0.82,7,0.8571,0.0,0.0
gpm3,GPM3,2026-07-22,11.17.05.2002,Bale Redelong,provisional_catchment,yes,4.815409756944025,97.009911990332,Asia/Jakarta,Forecast Redelong representative point. BMKG ADM4 reference: 11.17.05.2002 (Bale Redelong). Initial BMKG reference for catchment point Spatial role: provisional_catchment. Area analisis provisional; menunggu konfirmasi batas DAS resmi.,13:00,6,6.0,cukup,"CMA,ECMWF,GFS,ICON,METEOFRANCE,UKMO",Hujan Ringan,75.1,Sedang,22.4,+/-1.9,71.33,+/-18.2,0.65,+/-0.64,22.4,+/-1.9,0.0,16.7,16.7,50.0,0.0,16.7,1.9,18.2,0.64,1.9,7,0.8571,0.0,0.0
gpm3,GPM3,2026-07-22,11.17.05.2002,Bale Redelong,provisional_catchment,yes,4.815409756944025,97.009911990332,Asia/Jakarta,Forecast Redelong representative point. BMKG ADM4 reference: 11.17.05.2002 (Bale Redelong). Initial BMKG reference for catchment point Spatial role: provisional_catchment. Area analisis provisional; menunggu konfirmasi batas DAS resmi.,14:00,6,6.0,cukup,"CMA,ECMWF,GFS,ICON,METEOFRANCE,UKMO",Hujan Ringan,74.7,Sedang,21.98,+/-1.78,74.67,+/-16.82,1.65,+/-1.42,21.98,+/-1.78,0.0,0.0,0.0,50.0,16.7,33.3,1.78,16.82,1.42,1.78,7,0.8571,0.0,0.0
gpm3,GPM3,2026-07-22,11.17.05.2002,Bale Redelong,provisional_catchment,yes,4.815409756944025,97.009911990332,Asia/Jakarta,Forecast Redelong representative point. BMKG ADM4 reference: 11.17.05.2002 (Bale Redelong). Initial BMKG reference for catchment point Spatial role: provisional_catchment. Area analisis provisional; menunggu konfirmasi batas DAS resmi.,15:00,6,6.0,cukup,"CMA,ECMWF,GFS,ICON,METEOFRANCE,UKMO",Hujan Ringan,75.2,Sedang,21.07,+/-1.38,80.33,+/-12.94,1.67,+/-1.4,21.07,+/-1.38,0.0,0.0,0.0,50.0,16.7,33.3,1.38,12.94,1.4,1.38,7,0.8571,0.0,0.0
gpm3,GPM3,2026-07-22,11.17.05.2002,Bale Redelong,provisional_catchment,yes,4.815409756944025,97.009911990332,Asia/Jakarta,Forecast Redelong representative point. BMKG ADM4 reference: 11.17.05.2002 (Bale Redelong). Initial BMKG reference for catchment point Spatial role: provisional_catchment. Area analisis provisional; menunggu konfirmasi batas DAS resmi.,16:00,6,6.0,cukup,"CMA,ECMWF,GFS,ICON,METEOFRANCE,UKMO",Hujan Ringan,75.5,Sedang,20.2,+/-1.15,85.17,+/-10.09,1.68,+/-1.39,20.2,+/-1.15,0.0,0.0,0.0,50.0,33.3,16.7,1.15,10.09,1.39,1.15,7,0.8571,0.0,0.0
gpm3,GPM3,2026-07-22,11.17.05.2002,Bale Redelong,provisional_catchment,yes,4.815409756944025,97.009911990332,Asia/Jakarta,Forecast Redelong representative point. BMKG ADM4 reference: 11.17.05.2002 (Bale Redelong). Initial BMKG reference for catchment point Spatial role: provisional_catchment. Area analisis provisional; menunggu konfirmasi batas DAS resmi.,17:00,6,6.0,cukup,"CMA,ECMWF,GFS,ICON,METEOFRANCE,UKMO",Hujan Ringan,81.0,Tinggi,19.42,+/-0.95,89.5,+/-6.63,0.34,+/-0.1,19.42,+/-0.95,0.0,0.0,16.7,66.7,16.7,0.0,0.95,6.63,0.1,0.95,7,0.8571,0.0,0.0
gpm3,GPM3,2026-07-22,11.17.05.2002,Bale Redelong,provisional_catchment,yes,4.815409756944025,97.009911990332,Asia/Jakarta,Forecast Redelong representative point. BMKG ADM4 reference: 11.17.05.2002 (Bale Redelong). Initial BMKG reference for catchment point Spatial role: provisional_catchment. Area analisis provisional; menunggu konfirmasi batas DAS resmi.,18:00,6,6.0,cukup,"CMA,ECMWF,GFS,ICON,METEOFRANCE,UKMO",Hujan Ringan,81.2,Tinggi,18.53,+/-0.95,93.17,+/-3.89,0.4,+/-0.18,18.53,+/-0.95,0.0,0.0,16.7,66.7,16.7,0.0,0.95,3.89,0.18,0.95,7,0.8571,0.0,0.0
gpm3,GPM3,2026-07-22,11.17.05.2002,Bale Redelong,provisional_catchment,yes,4.815409756944025,97.009911990332,Asia/Jakarta,Forecast Redelong representative point. BMKG ADM4 reference: 11.17.05.2002 (Bale Redelong). Initial BMKG reference for catchment point Spatial role: provisional_catchment. Area analisis provisional; menunggu konfirmasi batas DAS resmi.,19:00,6,6.0,cukup,"CMA,ECMWF,GFS,ICON,METEOFRANCE,UKMO",Hujan Ringan,81.2,Tinggi,17.88,+/-1.04,94.83,+/-3.53,0.32,+/-0.1,17.88,+/-1.04,0.0,0.0,16.7,66.7,16.7,0.0,1.04,3.53,0.1,1.04,7,0.8571,0.0,0.0
gpm3,GPM3,2026-07-22,11.17.05.2002,Bale Redelong,provisional_catchment,yes,4.815409756944025,97.009911990332,Asia/Jakarta,Forecast Redelong representative point. BMKG ADM4 reference: 11.17.05.2002 (Bale Redelong). Initial BMKG reference for catchment point Spatial role: provisional_catchment. Area analisis provisional; menunggu konfirmasi batas DAS resmi.,20:00,6,6.0,cukup,"CMA,ECMWF,GFS,ICON,METEOFRANCE,UKMO",Hujan Ringan,76.7,Sedang,17.32,+/-1.18,95.5,+/-3.3,0.48,+/-0.54,17.32,+/-1.18,16.7,33.3,0.0,50.0,0.0,0.0,1.18,3.3,0.54,1.18,7,0.8571,0.0,0.0
gpm3,GPM3,2026-07-22,11.17.05.2002,Bale Redelong,provisional_catchment,yes,4.815409756944025,97.009911990332,Asia/Jakarta,Forecast Redelong representative point. BMKG ADM4 reference: 11.17.05.2002 (Bale Redelong). Initial BMKG reference for catchment point Spatial role: provisional_catchment. Area analisis provisional; menunggu konfirmasi batas DAS resmi.,21:00,6,6.0,cukup,"CMA,ECMWF,GFS,ICON,METEOFRANCE,UKMO",Hujan Ringan,77.3,Sedang,16.3,+/-0.55,95.17,+/-3.24,0.05,+/-0.09,16.3,+/-0.55,16.7,33.3,0.0,50.0,0.0,0.0,0.55,3.24,0.09,0.55,7,0.8571,0.0,0.0
gpm3,GPM3,2026-07-22,11.17.05.2002,Bale Redelong,provisional_catchment,yes,4.815409756944025,97.009911990332,Asia/Jakarta,Forecast Redelong representative point. BMKG ADM4 reference: 11.17.05.2002 (Bale Redelong). Initial BMKG reference for catchment point Spatial role: provisional_catchment. Area analisis provisional; menunggu konfirmasi batas DAS resmi.,22:00,6,6.0,cukup,"CMA,ECMWF,GFS,ICON,METEOFRANCE,UKMO",Hujan Ringan,72.9,Sedang,16.15,+/-0.23,94.83,+/-3.62,0.4,+/-0.57,16.15,+/-0.23,16.7,33.3,16.7,33.3,0.0,0.0,0.23,3.62,0.57,0.23,7,0.8571,0.0,0.0
gpm3,GPM3,2026-07-22,11.17.05.2002,Bale Redelong,provisional_catchment,yes,4.815409756944025,97.009911990332,Asia/Jakarta,Forecast Redelong representative point. BMKG ADM4 reference: 11.17.05.2002 (Bale Redelong). Initial BMKG reference for catchment point Spatial role: provisional_catchment. Area analisis provisional; menunggu konfirmasi batas DAS resmi.,23:00,6,6.0,cukup,"CMA,ECMWF,GFS,ICON,METEOFRANCE,UKMO",Cerah Berawan,77.4,Sedang,15.78,+/-0.28,94.67,+/-3.86,0.03,+/-0.07,15.78,+/-0.28,16.7,50.0,16.7,16.7,0.0,0.0,0.28,3.86,0.07,0.28,7,0.8571,0.0,0.0
gpm4,GPM4,2026-07-19,11.17.05.2002,Bale Redelong,provisional_catchment,yes,4.778238355009202,96.8876539578458,Asia/Jakarta,Forecast Redelong representative point. BMKG ADM4 reference: 11.17.05.2002 (Bale Redelong). Initial BMKG reference for catchment point Spatial role: provisional_catchment. Area analisis provisional; menunggu konfirmasi batas DAS resmi.,00:00,6,6.0,cukup,"CMA,ECMWF,GFS,ICON,METEOFRANCE,UKMO",Cerah Berawan,81.1,Tinggi,15.32,+/-1.13,96.5,+/-2.14,0.18,+/-0.27,15.32,+/-1.13,0.0,66.7,0.0,33.3,0.0,0.0,1.13,2.14,0.27,1.13,7,0.8571,0.0,0.0
gpm4,GPM4,2026-07-19,11.17.05.2002,Bale Redelong,provisional_catchment,yes,4.778238355009202,96.8876539578458,Asia/Jakarta,Forecast Redelong representative point. BMKG ADM4 reference: 11.17.05.2002 (Bale Redelong). Initial BMKG reference for catchment point Spatial role: provisional_catchment. Area analisis provisional; menunggu konfirmasi batas DAS resmi.,01:00,6,6.0,cukup,"CMA,ECMWF,GFS,ICON,METEOFRANCE,UKMO",Berawan,77.4,Sedang,14.46,+/-0.66,95.25,+/-0.43,0.13,+/-0.26,14.46,+/-0.66,16.7,0.0,50.0,33.3,0.0,0.0,0.66,0.43,0.26,0.66,7,0.8571,0.0,0.0
gpm4,GPM4,2026-07-19,11.17.05.2002,Bale Redelong,provisional_catchment,yes,4.778238355009202,96.8876539578458,Asia/Jakarta,Forecast Redelong representative point. BMKG ADM4 reference: 11.17.05.2002 (Bale Redelong). Initial BMKG reference for catchment point Spatial role: provisional_catchment. Area analisis provisional; menunggu konfirmasi batas DAS resmi.,02:00,6,6.0,cukup,"CMA,ECMWF,GFS,ICON,METEOFRANCE,UKMO",Berawan,77.3,Sedang,14.16,+/-0.67,96.83,+/-1.34,0.12,+/-0.19,14.16,+/-0.67,16.7,0.0,50.0,33.3,0.0,0.0,0.67,1.34,0.19,0.67,7,0.8571,0.0,0.0
gpm4,GPM4,2026-07-19,11.17.05.2002,Bale Redelong,provisional_catchment,yes,4.778238355009202,96.8876539578458,Asia/Jakarta,Forecast Redelong representative point. BMKG ADM4 reference: 11.17.05.2002 (Bale Redelong). Initial BMKG reference for catchment point Spatial role: provisional_catchment. Area analisis provisional; menunggu konfirmasi batas DAS resmi.,03:00,6,6.0,cukup,"CMA,ECMWF,GFS,ICON,METEOFRANCE,UKMO",Berawan,77.3,Sedang,14.0,+/-0.75,96.67,+/-1.25,0.1,+/-0.15,14.0,+/-0.75,16.7,0.0,50.0,33.3,0.0,0.0,0.75,1.25,0.15,0.75,7,0.8571,0.0,0.0
gpm4,GPM4,2026-07-19,11.17.05.2002,Bale Redelong,provisional_catchment,yes,4.778238355009202,96.8876539578458,Asia/Jakarta,Forecast Redelong representative point. BMKG ADM4 reference: 11.17.05.2002 (Bale Redelong). Initial BMKG reference for catchment point Spatial role: provisional_catchment. Area analisis provisional; menunggu konfirmasi batas DAS resmi.,04:00,6,6.0,cukup,"CMA,ECMWF,GFS,ICON,METEOFRANCE,UKMO",Cerah Berawan,77.3,Sedang,13.92,+/-0.78,96.5,+/-1.5,0.07,+/-0.09,13.92,+/-0.78,0.0,50.0,16.7,33.3,0.0,0.0,0.78,1.5,0.09,0.78,7,0.8571,0.0,0.0
gpm4,GPM4,2026-07-19,11.17.05.2002,Bale Redelong,provisional_catchment,yes,4.778238355009202,96.8876539578458,Asia/Jakarta,Forecast Redelong representative point. BMKG ADM4 reference: 11.17.05.2002 (Bale Redelong). Initial BMKG reference for catchment point Spatial role: provisional_catchment. Area analisis provisional; menunggu konfirmasi batas DAS resmi.,05:00,6,6.0,cukup,"CMA,ECMWF,GFS,ICON,METEOFRANCE,UKMO",Cerah Berawan,77.5,Sedang,14.3,+/-0.33,96.17,+/-2.11,0.05,+/-0.11,14.3,+/-0.33,16.7,50.0,16.7,16.7,0.0,0.0,0.33,2.11,0.11,0.33,7,0.8571,0.0,0.0
gpm4,GPM4,2026-07-19,11.17.05.2002,Bale Redelong,provisional_catchment,yes,4.778238355009202,96.8876539578458,Asia/Jakarta,Forecast Redelong representative point. BMKG ADM4 reference: 11.17.05.2002 (Bale Redelong). Initial BMKG reference for catchment point Spatial role: provisional_catchment. Area analisis provisional; menunggu konfirmasi batas DAS resmi.,06:00,6,6.0,cukup,"CMA,ECMWF,GFS,ICON,METEOFRANCE,UKMO",Cerah,73.4,Sedang,14.5,+/-0.27,95.67,+/-2.81,0.02,+/-0.04,14.5,+/-0.27,33.3,33.3,16.7,16.7,0.0,0.0,0.27,2.81,0.04,0.27,7,0.8571,0.0,0.0
gpm4,GPM4,2026-07-19,11.17.05.2002,Bale Redelong,provisional_catchment,yes,4.778238355009202,96.8876539578458,Asia/Jakarta,Forecast Redelong representative point. BMKG ADM4 reference: 11.17.05.2002 (Bale Redelong). Initial BMKG reference for catchment point Spatial role: provisional_catchment. Area analisis provisional; menunggu konfirmasi batas DAS resmi.,07:00,6,6.0,cukup,"CMA,ECMWF,GFS,ICON,METEOFRANCE,UKMO",Berawan,77.3,Sedang,15.14,+/-0.65,95.17,+/-3.93,0.0,+/-0.0,15.14,+/-0.65,16.7,33.3,50.0,0.0,0.0,0.0,0.65,3.93,0.0,0.65,7,0.8571,0.0,0.0
gpm4,GPM4,2026-07-19,11.17.05.2002,Bale Redelong,provisional_catchment,yes,4.778238355009202,96.8876539578458,Asia/Jakarta,Forecast Redelong representative point. BMKG ADM4 reference: 11.17.05.2002 (Bale Redelong). Initial BMKG reference for catchment point Spatial role: provisional_catchment. Area analisis provisional; menunggu konfirmasi batas DAS resmi.,08:00,6,6.0,cukup,"CMA,ECMWF,GFS,ICON,METEOFRANCE,UKMO",Berawan,81.6,Tinggi,16.1,+/-0.24,93.17,+/-3.98,0.05,+/-0.11,16.1,+/-0.24,0.0,16.7,66.7,16.7,0.0,0.0,0.24,3.98,0.11,0.24,7,0.8571,0.0,0.0
gpm4,GPM4,2026-07-19,11.17.05.2002,Bale Redelong,provisional_catchment,yes,4.778238355009202,96.8876539578458,Asia/Jakarta,Forecast Redelong representative point. BMKG ADM4 reference: 11.17.05.2002 (Bale Redelong). Initial BMKG reference for catchment point Spatial role: provisional_catchment. Area analisis provisional; menunggu konfirmasi batas DAS resmi.,09:00,6,6.0,cukup,"CMA,ECMWF,GFS,ICON,METEOFRANCE,UKMO",Berawan,77.4,Sedang,17.62,+/-0.12,87.33,+/-3.82,0.12,+/-0.17,17.62,+/-0.12,0.0,16.7,50.0,33.3,0.0,0.0,0.12,3.82,0.17,0.12,7,0.8571,0.0,0.0
gpm4,GPM4,2026-07-19,11.17.05.2002,Bale Redelong,provisional_catchment,yes,4.778238355009202,96.8876539578458,Asia/Jakarta,Forecast Redelong representative point. BMKG ADM4 reference: 11.17.05.2002 (Bale Redelong). Initial BMKG reference for catchment point Spatial role: provisional_catchment. Area analisis provisional; menunggu konfirmasi batas DAS resmi.,10:00,6,6.0,cukup,"CMA,ECMWF,GFS,ICON,METEOFRANCE,UKMO",Berawan,77.1,Sedang,18.74,+/-0.32,82.0,+/-5.83,0.15,+/-0.23,18.74,+/-0.32,0.0,16.7,50.0,33.3,0.0,0.0,0.32,5.83,0.23,0.32,7,0.8571,0.0,0.0
gpm4,GPM4,2026-07-19,11.17.05.2002,Bale Redelong,provisional_catchment,yes,4.778238355009202,96.8876539578458,Asia/Jakarta,Forecast Redelong representative point. BMKG ADM4 reference: 11.17.05.2002 (Bale Redelong). Initial BMKG reference for catchment point Spatial role: provisional_catchment. Area analisis provisional; menunggu konfirmasi batas DAS resmi.,11:00,6,6.0,cukup,"CMA,ECMWF,GFS,ICON,METEOFRANCE,UKMO",Hujan Ringan,80.7,Tinggi,19.93,+/-1.19,77.83,+/-7.56,0.22,+/-0.26,19.93,+/-1.19,0.0,16.7,16.7,66.7,0.0,0.0,1.19,7.56,0.26,1.19,7,0.8571,0.0,0.0
gpm4,GPM4,2026-07-19,11.17.05.2002,Bale Redelong,provisional_catchment,yes,4.778238355009202,96.8876539578458,Asia/Jakarta,Forecast Redelong representative point. BMKG ADM4 reference: 11.17.05.2002 (Bale Redelong). Initial BMKG reference for catchment point Spatial role: provisional_catchment. Area analisis provisional; menunggu konfirmasi batas DAS resmi.,12:00,7,6.6868,cukup,"BMKG,CMA,ECMWF,GFS,ICON,METEOFRANCE,UKMO",Hujan Ringan,91.7,Tinggi,19.87,+/-1.9,80.54,+/-11.31,0.78,+/-0.65,19.87,+/-1.9,0.0,0.0,15.0,85.0,0.0,0.0,1.9,11.31,0.65,1.9,7,1.0,25.71,180.0
gpm4,GPM4,2026-07-19,11.17.05.2002,Bale Redelong,provisional_catchment,yes,4.778238355009202,96.8876539578458,Asia/Jakarta,Forecast Redelong representative point. BMKG ADM4 reference: 11.17.05.2002 (Bale Redelong). Initial BMKG reference for catchment point Spatial role: provisional_catchment. Area analisis provisional; menunggu konfirmasi batas DAS resmi.,13:00,7,6.6868,cukup,"BMKG,CMA,ECMWF,GFS,ICON,METEOFRANCE,UKMO",Hujan Ringan,88.0,Tinggi,19.4,+/-1.74,84.73,+/-10.14,1.25,+/-0.84,19.4,+/-1.74,0.0,0.0,15.0,70.1,15.0,0.0,1.74,10.14,0.84,1.74,7,1.0,17.14,120.0
gpm4,GPM4,2026-07-19,11.17.05.2002,Bale Redelong,provisional_catchment,yes,4.778238355009202,96.8876539578458,Asia/Jakarta,Forecast Redelong representative point. BMKG ADM4 reference: 11.17.05.2002 (Bale Redelong). Initial BMKG reference for catchment point Spatial role: provisional_catchment. Area analisis provisional; menunggu konfirmasi batas DAS resmi.,14:00,7,6.9366,cukup,"BMKG,CMA,ECMWF,GFS,ICON,METEOFRANCE,UKMO",Hujan Ringan,85.5,Tinggi,18.71,+/-1.2,89.53,+/-7.5,2.68,+/-1.52,18.71,+/-1.2,0.0,0.0,0.0,56.8,43.2,0.0,1.2,7.5,1.52,1.2,7,1.0,8.57,60.0
gpm4,GPM4,2026-07-19,11.17.05.2002,Bale Redelong,provisional_catchment,yes,4.778238355009202,96.8876539578458,Asia/Jakarta,Forecast Redelong representative point. BMKG ADM4 reference: 11.17.05.2002 (Bale Redelong). Initial BMKG reference for catchment point Spatial role: provisional_catchment. Area analisis provisional; menunggu konfirmasi batas DAS resmi.,15:00,7,7.2488,cukup,"BMKG,CMA,ECMWF,GFS,ICON,METEOFRANCE,UKMO",Hujan Ringan,84.0,Tinggi,18.41,+/-1.12,91.38,+/-4.48,2.67,+/-1.33,18.41,+/-1.12,0.0,0.0,0.0,44.8,41.4,13.8,1.12,4.48,1.33,1.12,7,1.0,0.0,0.0
gpm4,GPM4,2026-07-19,11.17.05.2002,Bale Redelong,provisional_catchment,yes,4.778238355009202,96.8876539578458,Asia/Jakarta,Forecast Redelong representative point. BMKG ADM4 reference: 11.17.05.2002 (Bale Redelong). Initial BMKG reference for catchment point Spatial role: provisional_catchment. Area analisis provisional; menunggu konfirmasi batas DAS resmi.,16:00,7,6.9366,cukup,"BMKG,CMA,ECMWF,GFS,ICON,METEOFRANCE,UKMO",Hujan Ringan,85.7,Tinggi,17.9,+/-1.22,92.85,+/-3.58,2.65,+/-1.55,17.9,+/-1.22,0.0,0.0,0.0,56.8,28.8,14.4,1.22,3.58,1.55,1.22,7,1.0,8.57,60.0
gpm4,GPM4,2026-07-19,11.17.05.2002,Bale Redelong,provisional_catchment,yes,4.778238355009202,96.8876539578458,Asia/Jakarta,Forecast Redelong representative point. BMKG ADM4 reference: 11.17.05.2002 (Bale Redelong). Initial BMKG reference for catchment point Spatial role: provisional_catchment. Area analisis provisional; menunggu konfirmasi batas DAS resmi.,17:00,7,6.9366,cukup,"BMKG,CMA,ECMWF,GFS,ICON,METEOFRANCE,UKMO",Hujan Ringan,87.0,Tinggi,17.6,+/-0.9,93.68,+/-3.33,1.58,+/-0.39,17.6,+/-0.9,0.0,0.0,13.5,57.7,14.4,14.4,0.9,3.33,0.39,0.9,7,1.0,8.57,60.0
gpm4,GPM4,2026-07-19,11.17.05.2002,Bale Redelong,provisional_catchment,yes,4.778238355009202,96.8876539578458,Asia/Jakarta,Forecast Redelong representative point. BMKG ADM4 reference: 11.17.05.2002 (Bale Redelong). Initial BMKG reference for catchment point Spatial role: provisional_catchment. Area analisis provisional; menunggu konfirmasi batas DAS resmi.,18:00,7,7.2488,cukup,"BMKG,CMA,ECMWF,GFS,ICON,METEOFRANCE,UKMO",Hujan Ringan,86.7,Tinggi,17.17,+/-1.08,95.72,+/-1.11,1.65,+/-1.44,17.17,+/-1.08,0.0,0.0,31.0,55.2,13.8,0.0,1.08,1.11,1.44,1.08,7,1.0,0.0,0.0
gpm4,GPM4,2026-07-19,11.17.05.2002,Bale Redelong,provisional_catchment,yes,4.778238355009202,96.8876539578458,Asia/Jakarta,Forecast Redelong representative point. BMKG ADM4 reference: 11.17.05.2002 (Bale Redelong). Initial BMKG reference for catchment point Spatial role: provisional_catchment. Area analisis provisional; menunggu konfirmasi batas DAS resmi.,19:00,7,6.9366,cukup,"BMKG,CMA,ECMWF,GFS,ICON,METEOFRANCE,UKMO",Hujan Ringan,90.2,Tinggi,16.52,+/-1.38,95.99,+/-2.28,1.08,+/-0.71,16.52,+/-1.38,0.0,0.0,27.9,72.1,0.0,0.0,1.38,2.28,0.71,1.38,7,1.0,8.57,60.0
gpm4,GPM4,2026-07-19,11.17.05.2002,Bale Redelong,provisional_catchment,yes,4.778238355009202,96.8876539578458,Asia/Jakarta,Forecast Redelong representative point. BMKG ADM4 reference: 11.17.05.2002 (Bale Redelong). Initial BMKG reference for catchment point Spatial role: provisional_catchment. Area analisis provisional; menunggu konfirmasi batas DAS resmi.,20:00,7,6.9366,cukup,"BMKG,CMA,ECMWF,GFS,ICON,METEOFRANCE,UKMO",Berawan,83.4,Tinggi,16.22,+/-1.23,96.42,+/-2.07,0.35,+/-0.38,16.22,+/-1.23,13.5,0.0,43.2,43.2,0.0,0.0,1.23,2.07,0.38,1.23,7,1.0,8.57,60.0
gpm4,GPM4,2026-07-19,11.17.05.2002,Bale Redelong,provisional_catchment,yes,4.778238355009202,96.8876539578458,Asia/Jakarta,Forecast Redelong representative point. BMKG ADM4 reference: 11.17.05.2002 (Bale Redelong). Initial BMKG reference for catchment point Spatial role: provisional_catchment. Area analisis provisional; menunggu konfirmasi batas DAS resmi.,21:00,7,7.2488,cukup,"BMKG,CMA,ECMWF,GFS,ICON,METEOFRANCE,UKMO",Berawan,84.0,Tinggi,16.1,+/-1.18,96.72,+/-1.36,0.3,+/-0.35,16.1,+/-1.18,17.2,0.0,41.4,41.4,0.0,0.0,1.18,1.36,0.35,1.18,7,1.0,0.0,0.0
gpm4,GPM4,2026-07-19,11.17.05.2002,Bale Redelong,provisional_catchment,yes,4.778238355009202,96.8876539578458,Asia/Jakarta,Forecast Redelong representative point. BMKG ADM4 reference: 11.17.05.2002 (Bale Redelong). Initial BMKG reference for catchment point Spatial role: provisional_catchment. Area analisis provisional; menunggu konfirmasi batas DAS resmi.,22:00,7,6.9366,cukup,"BMKG,CMA,ECMWF,GFS,ICON,METEOFRANCE,UKMO",Berawan,87.2,Tinggi,15.83,+/-1.28,96.86,+/-1.13,0.07,+/-0.09,15.83,+/-1.28,13.5,0.0,57.7,28.8,0.0,0.0,1.28,1.13,0.09,1.28,7,1.0,8.57,60.0
gpm4,GPM4,2026-07-19,11.17.05.2002,Bale Redelong,provisional_catchment,yes,4.778238355009202,96.8876539578458,Asia/Jakarta,Forecast Redelong representative point. BMKG ADM4 reference: 11.17.05.2002 (Bale Redelong). Initial BMKG reference for catchment point Spatial role: provisional_catchment. Area analisis provisional; menunggu konfirmasi batas DAS resmi.,23:00,7,6.6868,cukup,"BMKG,CMA,ECMWF,GFS,ICON,METEOFRANCE,UKMO",Hujan Ringan,83.1,Tinggi,15.37,+/-1.51,96.85,+/-1.39,0.03,+/-0.04,15.37,+/-1.51,10.3,0.0,44.9,44.9,0.0,0.0,1.51,1.39,0.04,1.51,7,1.0,17.14,120.0
gpm4,GPM4,2026-07-20,11.17.05.2002,Bale Redelong,provisional_catchment,yes,4.778238355009202,96.8876539578458,Asia/Jakarta,Forecast Redelong representative point. BMKG ADM4 reference: 11.17.05.2002 (Bale Redelong). Initial BMKG reference for catchment point Spatial role: provisional_catchment. Area analisis provisional; menunggu konfirmasi batas DAS resmi.,00:00,7,7.216,cukup,"BMKG,CMA,ECMWF,GFS,ICON,METEOFRANCE,UKMO",Hujan Ringan,84.0,Tinggi,15.1,+/-1.45,96.97,+/-1.98,0.03,+/-0.04,15.1,+/-1.45,0.0,16.9,41.6,41.6,0.0,0.0,1.45,1.98,0.04,1.45,7,1.0,0.0,0.0
gpm4,GPM4,2026-07-20,11.17.05.2002,Bale Redelong,provisional_catchment,yes,4.778238355009202,96.8876539578458,Asia/Jakarta,Forecast Redelong representative point. BMKG ADM4 reference: 11.17.05.2002 (Bale Redelong). Initial BMKG reference for catchment point Spatial role: provisional_catchment. Area analisis provisional; menunggu konfirmasi batas DAS resmi.,01:00,7,6.912,cukup,"BMKG,CMA,ECMWF,GFS,ICON,METEOFRANCE,UKMO",Hujan Ringan,83.4,Tinggi,14.87,+/-1.44,97.16,+/-2.18,0.05,+/-0.09,14.87,+/-1.44,0.0,13.2,43.4,43.4,0.0,0.0,1.44,2.18,0.09,1.44,7,1.0,8.57,60.0
gpm4,GPM4,2026-07-20,11.17.05.2002,Bale Redelong,provisional_catchment,yes,4.778238355009202,96.8876539578458,Asia/Jakarta,Forecast Redelong representative point. BMKG ADM4 reference: 11.17.05.2002 (Bale Redelong). Initial BMKG reference for catchment point Spatial role: provisional_catchment. Area analisis provisional; menunggu konfirmasi batas DAS resmi.,02:00,7,6.912,cukup,"BMKG,CMA,ECMWF,GFS,ICON,METEOFRANCE,UKMO",Hujan Ringan,87.5,Tinggi,14.49,+/-0.56,98.51,+/-1.27,0.18,+/-0.19,14.49,+/-0.56,0.0,14.5,27.7,57.9,0.0,0.0,0.56,1.27,0.19,0.56,7,1.0,8.57,60.0
gpm4,GPM4,2026-07-20,11.17.05.2002,Bale Redelong,provisional_catchment,yes,4.778238355009202,96.8876539578458,Asia/Jakarta,Forecast Redelong representative point. BMKG ADM4 reference: 11.17.05.2002 (Bale Redelong). Initial BMKG reference for catchment point Spatial role: provisional_catchment. Area analisis provisional; menunggu konfirmasi batas DAS resmi.,03:00,7,7.216,cukup,"BMKG,CMA,ECMWF,GFS,ICON,METEOFRANCE,UKMO",Hujan Ringan,87.2,Tinggi,14.61,+/-1.35,97.45,+/-1.74,0.45,+/-0.5,14.61,+/-1.35,13.9,0.0,30.7,55.4,0.0,0.0,1.35,1.74,0.5,1.35,7,1.0,0.0,0.0
gpm4,GPM4,2026-07-20,11.17.05.2002,Bale Redelong,provisional_catchment,yes,4.778238355009202,96.8876539578458,Asia/Jakarta,Forecast Redelong representative point. BMKG ADM4 reference: 11.17.05.2002 (Bale Redelong). Initial BMKG reference for catchment point Spatial role: provisional_catchment. Area analisis provisional; menunggu konfirmasi batas DAS resmi.,04:00,7,6.912,cukup,"BMKG,CMA,ECMWF,GFS,ICON,METEOFRANCE,UKMO",Hujan Ringan,86.7,Tinggi,14.45,+/-1.5,97.42,+/-1.77,0.48,+/-0.56,14.45,+/-1.5,14.5,0.0,27.7,57.9,0.0,0.0,1.5,1.77,0.56,1.5,7,1.0,8.57,60.0
gpm4,GPM4,2026-07-20,11.17.05.2002,Bale Redelong,provisional_catchment,yes,4.778238355009202,96.8876539578458,Asia/Jakarta,Forecast Redelong representative point. BMKG ADM4 reference: 11.17.05.2002 (Bale Redelong). Initial BMKG reference for catchment point Spatial role: provisional_catchment. Area analisis provisional; menunggu konfirmasi batas DAS resmi.,05:00,7,6.912,cukup,"BMKG,CMA,ECMWF,GFS,ICON,METEOFRANCE,UKMO",Hujan Ringan,86.8,Tinggi,14.55,+/-1.57,96.6,+/-2.12,0.3,+/-0.3,14.55,+/-1.57,14.5,13.2,14.5,57.9,0.0,0.0,1.57,2.12,0.3,1.57,7,1.0,8.57,60.0
gpm4,GPM4,2026-07-20,11.17.05.2002,Bale Redelong,provisional_catchment,yes,4.778238355009202,96.8876539578458,Asia/Jakarta,Forecast Redelong representative point. BMKG ADM4 reference: 11.17.05.2002 (Bale Redelong). Initial BMKG reference for catchment point Spatial role: provisional_catchment. Area analisis provisional; menunggu konfirmasi batas DAS resmi.,06:00,7,7.216,cukup,"BMKG,CMA,ECMWF,GFS,ICON,METEOFRANCE,UKMO",Hujan Ringan,87.4,Tinggi,14.64,+/-1.49,96.36,+/-2.32,0.12,+/-0.11,14.64,+/-1.49,13.9,16.9,13.9,55.4,0.0,0.0,1.49,2.32,0.11,1.49,7,1.0,0.0,0.0
gpm4,GPM4,2026-07-20,11.17.05.2002,Bale Redelong,provisional_catchment,yes,4.778238355009202,96.8876539578458,Asia/Jakarta,Forecast Redelong representative point. BMKG ADM4 reference: 11.17.05.2002 (Bale Redelong). Initial BMKG reference for catchment point Spatial role: provisional_catchment. Area analisis provisional; menunggu konfirmasi batas DAS resmi.,07:00,7,6.912,cukup,"BMKG,CMA,ECMWF,GFS,ICON,METEOFRANCE,UKMO",Hujan Ringan,83.5,Tinggi,14.91,+/-1.21,95.3,+/-2.72,0.1,+/-0.12,14.91,+/-1.21,14.5,13.2,28.9,43.4,0.0,0.0,1.21,2.72,0.12,1.21,7,1.0,8.57,60.0
gpm4,GPM4,2026-07-20,11.17.05.2002,Bale Redelong,provisional_catchment,yes,4.778238355009202,96.8876539578458,Asia/Jakarta,Forecast Redelong representative point. BMKG ADM4 reference: 11.17.05.2002 (Bale Redelong). Initial BMKG reference for catchment point Spatial role: provisional_catchment. Area analisis provisional; menunggu konfirmasi batas DAS resmi.,08:00,7,6.912,cukup,"BMKG,CMA,ECMWF,GFS,ICON,METEOFRANCE,UKMO",Hujan Ringan,83.4,Tinggi,16.27,+/-0.84,90.44,+/-6.16,0.1,+/-0.1,16.27,+/-0.84,27.7,0.0,28.9,43.4,0.0,0.0,0.84,6.16,0.1,0.84,7,1.0,8.57,60.0
gpm4,GPM4,2026-07-20,11.17.05.2002,Bale Redelong,provisional_catchment,yes,4.778238355009202,96.8876539578458,Asia/Jakarta,Forecast Redelong representative point. BMKG ADM4 reference: 11.17.05.2002 (Bale Redelong). Initial BMKG reference for catchment point Spatial role: provisional_catchment. Area analisis provisional; menunggu konfirmasi batas DAS resmi.,09:00,7,7.216,cukup,"BMKG,CMA,ECMWF,GFS,ICON,METEOFRANCE,UKMO",Hujan Ringan,83.6,Tinggi,18.35,+/-1.49,84.1,+/-5.37,0.17,+/-0.21,18.35,+/-1.49,30.7,0.0,27.7,41.6,0.0,0.0,1.49,5.37,0.21,1.49,7,1.0,0.0,0.0
gpm4,GPM4,2026-07-20,11.17.05.2002,Bale Redelong,provisional_catchment,yes,4.778238355009202,96.8876539578458,Asia/Jakarta,Forecast Redelong representative point. BMKG ADM4 reference: 11.17.05.2002 (Bale Redelong). Initial BMKG reference for catchment point Spatial role: provisional_catchment. Area analisis provisional; menunggu konfirmasi batas DAS resmi.,10:00,7,6.912,cukup,"BMKG,CMA,ECMWF,GFS,ICON,METEOFRANCE,UKMO",Hujan Ringan,86.8,Tinggi,19.35,+/-1.2,79.3,+/-6.38,0.17,+/-0.17,19.35,+/-1.2,13.2,14.5,14.5,57.9,0.0,0.0,1.2,6.38,0.17,1.2,7,1.0,8.57,60.0
gpm4,GPM4,2026-07-20,11.17.05.2002,Bale Redelong,provisional_catchment,yes,4.778238355009202,96.8876539578458,Asia/Jakarta,Forecast Redelong representative point. BMKG ADM4 reference: 11.17.05.2002 (Bale Redelong). Initial BMKG reference for catchment point Spatial role: provisional_catchment. Area analisis provisional; menunggu konfirmasi batas DAS resmi.,11:00,7,6.912,cukup,"BMKG,CMA,ECMWF,GFS,ICON,METEOFRANCE,UKMO",Hujan Ringan,86.3,Tinggi,20.7,+/-1.57,73.98,+/-7.46,0.38,+/-0.41,20.7,+/-1.57,13.2,0.0,28.9,57.9,0.0,0.0,1.57,7.46,0.41,1.57,7,1.0,8.57,60.0
gpm4,GPM4,2026-07-20,11.17.05.2002,Bale Redelong,provisional_catchment,yes,4.778238355009202,96.8876539578458,Asia/Jakarta,Forecast Redelong representative point. BMKG ADM4 reference: 11.17.05.2002 (Bale Redelong). Initial BMKG reference for catchment point Spatial role: provisional_catchment. Area analisis provisional; menunggu konfirmasi batas DAS resmi.,12:00,7,7.216,cukup,"BMKG,CMA,ECMWF,GFS,ICON,METEOFRANCE,UKMO",Hujan Ringan,90.0,Tinggi,20.92,+/-1.7,75.09,+/-10.04,0.57,+/-0.38,20.92,+/-1.7,16.9,0.0,13.9,69.3,0.0,0.0,1.7,10.04,0.38,1.7,7,1.0,0.0,0.0
gpm4,GPM4,2026-07-20,11.17.05.2002,Bale Redelong,provisional_catchment,yes,4.778238355009202,96.8876539578458,Asia/Jakarta,Forecast Redelong representative point. BMKG ADM4 reference: 11.17.05.2002 (Bale Redelong). Initial BMKG reference for catchment point Spatial role: provisional_catchment. Area analisis provisional; menunggu konfirmasi batas DAS resmi.,13:00,7,6.912,cukup,"BMKG,CMA,ECMWF,GFS,ICON,METEOFRANCE,UKMO",Hujan Ringan,82.1,Tinggi,20.35,+/-1.09,76.73,+/-12.24,1.25,+/-1.04,20.35,+/-1.09,13.2,0.0,14.5,43.4,14.5,14.5,1.09,12.24,1.04,1.09,7,1.0,8.57,60.0
gpm4,GPM4,2026-07-20,11.17.05.2002,Bale Redelong,provisional_catchment,yes,4.778238355009202,96.8876539578458,Asia/Jakarta,Forecast Redelong representative point. BMKG ADM4 reference: 11.17.05.2002 (Bale Redelong). Initial BMKG reference for catchment point Spatial role: provisional_catchment. Area analisis provisional; menunggu konfirmasi batas DAS resmi.,14:00,7,6.912,cukup,"BMKG,CMA,ECMWF,GFS,ICON,METEOFRANCE,UKMO",Hujan Sedang,81.8,Tinggi,20.88,+/-0.55,82.41,+/-11.94,2.55,+/-1.87,20.88,+/-0.55,0.0,0.0,14.5,42.1,43.4,0.0,0.55,11.94,1.87,0.55,7,1.0,8.57,60.0
gpm4,GPM4,2026-07-20,11.17.05.2002,Bale Redelong,provisional_catchment,yes,4.778238355009202,96.8876539578458,Asia/Jakarta,Forecast Redelong representative point. BMKG ADM4 reference: 11.17.05.2002 (Bale Redelong). Initial BMKG reference for catchment point Spatial role: provisional_catchment. Area analisis provisional; menunggu konfirmasi batas DAS resmi.,15:00,7,7.216,cukup,"BMKG,CMA,ECMWF,GFS,ICON,METEOFRANCE,UKMO",Hujan Ringan,86.6,Tinggi,20.46,+/-1.03,85.25,+/-11.42,2.07,+/-1.57,20.46,+/-1.03,0.0,0.0,13.9,58.4,27.7,0.0,1.03,11.42,1.57,1.03,7,1.0,0.0,0.0
gpm4,GPM4,2026-07-20,11.17.05.2002,Bale Redelong,provisional_catchment,yes,4.778238355009202,96.8876539578458,Asia/Jakarta,Forecast Redelong representative point. BMKG ADM4 reference: 11.17.05.2002 (Bale Redelong). Initial BMKG reference for catchment point Spatial role: provisional_catchment. Area analisis provisional; menunggu konfirmasi batas DAS resmi.,16:00,7,6.912,cukup,"BMKG,CMA,ECMWF,GFS,ICON,METEOFRANCE,UKMO",Hujan Ringan,85.0,Tinggi,18.63,+/-1.99,87.91,+/-8.7,1.68,+/-1.35,18.63,+/-1.99,0.0,0.0,14.5,56.6,28.9,0.0,1.99,8.7,1.35,1.99,7,1.0,8.57,60.0
gpm4,GPM4,2026-07-20,11.17.05.2002,Bale Redelong,provisional_catchment,yes,4.778238355009202,96.8876539578458,Asia/Jakarta,Forecast Redelong representative point. BMKG ADM4 reference: 11.17.05.2002 (Bale Redelong). Initial BMKG reference for catchment point Spatial role: provisional_catchment. Area analisis provisional; menunggu konfirmasi batas DAS resmi.,17:00,7,6.912,cukup,"BMKG,CMA,ECMWF,GFS,ICON,METEOFRANCE,UKMO",Hujan Ringan,86.0,Tinggi,17.74,+/-1.68,91.69,+/-6.75,0.82,+/-0.86,17.74,+/-1.68,0.0,13.2,14.5,57.9,14.5,0.0,1.68,6.75,0.86,1.68,7,1.0,8.57,60.0
gpm4,GPM4,2026-07-20,11.17.05.2002,Bale Redelong,provisional_catchment,yes,4.778238355009202,96.8876539578458,Asia/Jakarta,Forecast Redelong representative point. BMKG ADM4 reference: 11.17.05.2002 (Bale Redelong). Initial BMKG reference for catchment point Spatial role: provisional_catchment. Area analisis provisional; menunggu konfirmasi batas DAS resmi.,18:00,7,7.216,cukup,"BMKG,CMA,ECMWF,GFS,ICON,METEOFRANCE,UKMO",Hujan Ringan,87.0,Tinggi,17.25,+/-1.61,93.72,+/-5.18,0.34,+/-0.27,17.25,+/-1.61,0.0,16.9,27.7,55.4,0.0,0.0,1.61,5.18,0.27,1.61,7,1.0,0.0,0.0
gpm4,GPM4,2026-07-20,11.17.05.2002,Bale Redelong,provisional_catchment,yes,4.778238355009202,96.8876539578458,Asia/Jakarta,Forecast Redelong representative point. BMKG ADM4 reference: 11.17.05.2002 (Bale Redelong). Initial BMKG reference for catchment point Spatial role: provisional_catchment. Area analisis provisional; menunggu konfirmasi batas DAS resmi.,19:00,7,6.912,cukup,"BMKG,CMA,ECMWF,GFS,ICON,METEOFRANCE,UKMO",Hujan Ringan,90.4,Tinggi,16.63,+/-1.66,97.04,+/-1.8,0.47,+/-0.34,16.63,+/-1.66,0.0,13.2,14.5,72.3,0.0,0.0,1.66,1.8,0.34,1.66,7,1.0,8.57,60.0
gpm4,GPM4,2026-07-20,11.17.05.2002,Bale Redelong,provisional_catchment,yes,4.778238355009202,96.8876539578458,Asia/Jakarta,Forecast Redelong representative point. BMKG ADM4 reference: 11.17.05.2002 (Bale Redelong). Initial BMKG reference for catchment point Spatial role: provisional_catchment. Area analisis provisional; menunggu konfirmasi batas DAS resmi.,20:00,7,6.912,cukup,"BMKG,CMA,ECMWF,GFS,ICON,METEOFRANCE,UKMO",Berawan,83.3,Tinggi,16.19,+/-1.6,95.76,+/-3.23,0.04,+/-0.05,16.19,+/-1.6,0.0,13.2,43.4,43.4,0.0,0.0,1.6,3.23,0.05,1.6,7,1.0,8.57,60.0
gpm4,GPM4,2026-07-20,11.17.05.2002,Bale Redelong,provisional_catchment,yes,4.778238355009202,96.8876539578458,Asia/Jakarta,Forecast Redelong representative point. BMKG ADM4 reference: 11.17.05.2002 (Bale Redelong). Initial BMKG reference for catchment point Spatial role: provisional_catchment. Area analisis provisional; menunggu konfirmasi batas DAS resmi.,21:00,7,7.216,cukup,"BMKG,CMA,ECMWF,GFS,ICON,METEOFRANCE,UKMO",Berawan,87.3,Tinggi,15.99,+/-1.57,96.16,+/-2.91,0.08,+/-0.09,15.99,+/-1.57,0.0,16.9,55.4,27.7,0.0,0.0,1.57,2.91,0.09,1.57,7,1.0,0.0,0.0
gpm4,GPM4,2026-07-20,11.17.05.2002,Bale Redelong,provisional_catchment,yes,4.778238355009202,96.8876539578458,Asia/Jakarta,Forecast Redelong representative point. BMKG ADM4 reference: 11.17.05.2002 (Bale Redelong). Initial BMKG reference for catchment point Spatial role: provisional_catchment. Area analisis provisional; menunggu konfirmasi batas DAS resmi.,22:00,7,6.912,cukup,"BMKG,CMA,ECMWF,GFS,ICON,METEOFRANCE,UKMO",Berawan,90.6,Tinggi,15.9,+/-1.45,96.2,+/-2.98,0.02,+/-0.04,15.9,+/-1.45,0.0,13.2,72.3,14.5,0.0,0.0,1.45,2.98,0.04,1.45,7,1.0,8.57,60.0
gpm4,GPM4,2026-07-20,11.17.05.2002,Bale Redelong,provisional_catchment,yes,4.778238355009202,96.8876539578458,Asia/Jakarta,Forecast Redelong representative point. BMKG ADM4 reference: 11.17.05.2002 (Bale Redelong). Initial BMKG reference for catchment point Spatial role: provisional_catchment. Area analisis provisional; menunggu konfirmasi batas DAS resmi.,23:00,7,6.6688,cukup,"BMKG,CMA,ECMWF,GFS,ICON,METEOFRANCE,UKMO",Berawan,86.7,Tinggi,15.71,+/-1.46,96.05,+/-2.94,0.0,+/-0.0,15.71,+/-1.46,0.0,40.0,60.0,0.0,0.0,0.0,1.46,2.94,0.0,1.46,7,1.0,17.14,120.0
gpm4,GPM4,2026-07-21,11.17.05.2002,Bale Redelong,provisional_catchment,yes,4.778238355009202,96.8876539578458,Asia/Jakarta,Forecast Redelong representative point. BMKG ADM4 reference: 11.17.05.2002 (Bale Redelong). Initial BMKG reference for catchment point Spatial role: provisional_catchment. Area analisis provisional; menunggu konfirmasi batas DAS resmi.,00:00,7,7.2274,cukup,"BMKG,CMA,ECMWF,GFS,ICON,METEOFRANCE,UKMO",Cerah Berawan,88.3,Tinggi,15.32,+/-1.42,96.35,+/-2.2,0.0,+/-0.0,15.32,+/-1.42,0.0,58.5,41.5,0.0,0.0,0.0,1.42,2.2,0.0,1.42,7,1.0,0.0,0.0
gpm4,GPM4,2026-07-21,11.17.05.2002,Bale Redelong,provisional_catchment,yes,4.778238355009202,96.8876539578458,Asia/Jakarta,Forecast Redelong representative point. BMKG ADM4 reference: 11.17.05.2002 (Bale Redelong). Initial BMKG reference for catchment point Spatial role: provisional_catchment. Area analisis provisional; menunggu konfirmasi batas DAS resmi.,01:00,7,6.9205,cukup,"BMKG,CMA,ECMWF,GFS,ICON,METEOFRANCE,UKMO",Berawan,87.1,Tinggi,15.03,+/-1.44,96.46,+/-2.19,0.0,+/-0.0,15.03,+/-1.44,14.4,27.8,57.8,0.0,0.0,0.0,1.44,2.19,0.0,1.44,7,1.0,8.57,60.0
gpm4,GPM4,2026-07-21,11.17.05.2002,Bale Redelong,provisional_catchment,yes,4.778238355009202,96.8876539578458,Asia/Jakarta,Forecast Redelong representative point. BMKG ADM4 reference: 11.17.05.2002 (Bale Redelong). Initial BMKG reference for catchment point Spatial role: provisional_catchment. Area analisis provisional; menunggu konfirmasi batas DAS resmi.,02:00,7,6.9205,cukup,"BMKG,CMA,ECMWF,GFS,ICON,METEOFRANCE,UKMO",Berawan,86.8,Tinggi,14.73,+/-1.54,97.02,+/-1.93,0.13,+/-0.3,14.73,+/-1.54,0.0,27.8,57.8,14.4,0.0,0.0,1.54,1.93,0.3,1.54,7,1.0,8.57,60.0
gpm4,GPM4,2026-07-21,11.17.05.2002,Bale Redelong,provisional_catchment,yes,4.778238355009202,96.8876539578458,Asia/Jakarta,Forecast Redelong representative point. BMKG ADM4 reference: 11.17.05.2002 (Bale Redelong). Initial BMKG reference for catchment point Spatial role: provisional_catchment. Area analisis provisional; menunggu konfirmasi batas DAS resmi.,03:00,7,7.2274,cukup,"BMKG,CMA,ECMWF,GFS,ICON,METEOFRANCE,UKMO",Berawan,87.3,Tinggi,14.59,+/-1.56,97.08,+/-1.96,0.13,+/-0.3,14.59,+/-1.56,0.0,30.8,55.3,13.8,0.0,0.0,1.56,1.96,0.3,1.56,7,1.0,0.0,0.0
gpm4,GPM4,2026-07-21,11.17.05.2002,Bale Redelong,provisional_catchment,yes,4.778238355009202,96.8876539578458,Asia/Jakarta,Forecast Redelong representative point. BMKG ADM4 reference: 11.17.05.2002 (Bale Redelong). Initial BMKG reference for catchment point Spatial role: provisional_catchment. Area analisis provisional; menunggu konfirmasi batas DAS resmi.,04:00,7,6.9205,cukup,"BMKG,CMA,ECMWF,GFS,ICON,METEOFRANCE,UKMO",Berawan,83.2,Tinggi,14.44,+/-1.6,97.17,+/-1.96,0.13,+/-0.3,14.44,+/-1.6,0.0,42.2,43.3,14.4,0.0,0.0,1.6,1.96,0.3,1.6,7,1.0,8.57,60.0
gpm4,GPM4,2026-07-21,11.17.05.2002,Bale Redelong,provisional_catchment,yes,4.778238355009202,96.8876539578458,Asia/Jakarta,Forecast Redelong representative point. BMKG ADM4 reference: 11.17.05.2002 (Bale Redelong). Initial BMKG reference for catchment point Spatial role: provisional_catchment. Area analisis provisional; menunggu konfirmasi batas DAS resmi.,05:00,7,6.9205,cukup,"BMKG,CMA,ECMWF,GFS,ICON,METEOFRANCE,UKMO",Berawan,87.0,Tinggi,14.41,+/-1.54,96.64,+/-2.67,0.0,+/-0.0,14.41,+/-1.54,14.4,27.8,57.8,0.0,0.0,0.0,1.54,2.67,0.0,1.54,7,1.0,8.57,60.0
gpm4,GPM4,2026-07-21,11.17.05.2002,Bale Redelong,provisional_catchment,yes,4.778238355009202,96.8876539578458,Asia/Jakarta,Forecast Redelong representative point. BMKG ADM4 reference: 11.17.05.2002 (Bale Redelong). Initial BMKG reference for catchment point Spatial role: provisional_catchment. Area analisis provisional; menunggu konfirmasi batas DAS resmi.,06:00,7,7.2274,cukup,"BMKG,CMA,ECMWF,GFS,ICON,METEOFRANCE,UKMO",Berawan,87.5,Tinggi,14.49,+/-1.51,95.98,+/-2.75,0.0,+/-0.0,14.49,+/-1.51,13.8,30.8,55.3,0.0,0.0,0.0,1.51,2.75,0.0,1.51,7,1.0,0.0,0.0
gpm4,GPM4,2026-07-21,11.17.05.2002,Bale Redelong,provisional_catchment,yes,4.778238355009202,96.8876539578458,Asia/Jakarta,Forecast Redelong representative point. BMKG ADM4 reference: 11.17.05.2002 (Bale Redelong). Initial BMKG reference for catchment point Spatial role: provisional_catchment. Area analisis provisional; menunggu konfirmasi batas DAS resmi.,07:00,7,6.9205,cukup,"BMKG,CMA,ECMWF,GFS,ICON,METEOFRANCE,UKMO",Berawan,90.7,Tinggi,14.71,+/-1.27,95.33,+/-3.18,0.0,+/-0.0,14.71,+/-1.27,14.4,13.3,72.2,0.0,0.0,0.0,1.27,3.18,0.0,1.27,7,1.0,8.57,60.0
gpm4,GPM4,2026-07-21,11.17.05.2002,Bale Redelong,provisional_catchment,yes,4.778238355009202,96.8876539578458,Asia/Jakarta,Forecast Redelong representative point. BMKG ADM4 reference: 11.17.05.2002 (Bale Redelong). Initial BMKG reference for catchment point Spatial role: provisional_catchment. Area analisis provisional; menunggu konfirmasi batas DAS resmi.,08:00,7,6.9205,cukup,"BMKG,CMA,ECMWF,GFS,ICON,METEOFRANCE,UKMO",Berawan,87.0,Tinggi,16.37,+/-0.9,88.15,+/-6.54,0.0,+/-0.0,16.37,+/-0.9,14.4,27.8,57.8,0.0,0.0,0.0,0.9,6.54,0.0,0.9,7,1.0,8.57,60.0
gpm4,GPM4,2026-07-21,11.17.05.2002,Bale Redelong,provisional_catchment,yes,4.778238355009202,96.8876539578458,Asia/Jakarta,Forecast Redelong representative point. BMKG ADM4 reference: 11.17.05.2002 (Bale Redelong). Initial BMKG reference for catchment point Spatial role: provisional_catchment. Area analisis provisional; menunggu konfirmasi batas DAS resmi.,09:00,7,7.2274,cukup,"BMKG,CMA,ECMWF,GFS,ICON,METEOFRANCE,UKMO",Cerah Berawan,84.6,Tinggi,18.76,+/-1.32,79.98,+/-6.14,0.0,+/-0.0,18.76,+/-1.32,13.8,44.7,41.5,0.0,0.0,0.0,1.32,6.14,0.0,1.32,7,1.0,0.0,0.0
gpm4,GPM4,2026-07-21,11.17.05.2002,Bale Redelong,provisional_catchment,yes,4.778238355009202,96.8876539578458,Asia/Jakarta,Forecast Redelong representative point. BMKG ADM4 reference: 11.17.05.2002 (Bale Redelong). Initial BMKG reference for catchment point Spatial role: provisional_catchment. Area analisis provisional; menunggu konfirmasi batas DAS resmi.,10:00,7,6.9205,cukup,"BMKG,CMA,ECMWF,GFS,ICON,METEOFRANCE,UKMO",Berawan,87.0,Tinggi,20.0,+/-0.9,74.13,+/-7.22,0.0,+/-0.0,20.0,+/-0.9,0.0,42.2,57.8,0.0,0.0,0.0,0.9,7.22,0.0,0.9,7,1.0,8.57,60.0
gpm4,GPM4,2026-07-21,11.17.05.2002,Bale Redelong,provisional_catchment,yes,4.778238355009202,96.8876539578458,Asia/Jakarta,Forecast Redelong representative point. BMKG ADM4 reference: 11.17.05.2002 (Bale Redelong). Initial BMKG reference for catchment point Spatial role: provisional_catchment. Area analisis provisional; menunggu konfirmasi batas DAS resmi.,11:00,7,6.9205,cukup,"BMKG,CMA,ECMWF,GFS,ICON,METEOFRANCE,UKMO",Hujan Ringan,86.3,Tinggi,20.88,+/-1.49,71.31,+/-8.67,0.45,+/-0.35,20.88,+/-1.49,13.3,0.0,28.9,57.8,0.0,0.0,1.49,8.67,0.35,1.49,7,1.0,8.57,60.0
gpm4,GPM4,2026-07-21,11.17.05.2002,Bale Redelong,provisional_catchment,yes,4.778238355009202,96.8876539578458,Asia/Jakarta,Forecast Redelong representative point. BMKG ADM4 reference: 11.17.05.2002 (Bale Redelong). Initial BMKG reference for catchment point Spatial role: provisional_catchment. Area analisis provisional; menunggu konfirmasi batas DAS resmi.,12:00,7,7.2274,cukup,"BMKG,CMA,ECMWF,GFS,ICON,METEOFRANCE,UKMO",Hujan Ringan,90.0,Tinggi,20.57,+/-1.89,76.51,+/-10.12,0.6,+/-0.29,20.57,+/-1.89,17.0,0.0,13.8,69.2,0.0,0.0,1.89,10.12,0.29,1.89,7,1.0,0.0,0.0
gpm4,GPM4,2026-07-21,11.17.05.2002,Bale Redelong,provisional_catchment,yes,4.778238355009202,96.8876539578458,Asia/Jakarta,Forecast Redelong representative point. BMKG ADM4 reference: 11.17.05.2002 (Bale Redelong). Initial BMKG reference for catchment point Spatial role: provisional_catchment. Area analisis provisional; menunggu konfirmasi batas DAS resmi.,13:00,7,6.9205,cukup,"BMKG,CMA,ECMWF,GFS,ICON,METEOFRANCE,UKMO",Hujan Ringan,89.7,Tinggi,19.98,+/-1.96,82.43,+/-11.06,0.97,+/-0.17,19.98,+/-1.96,13.3,0.0,0.0,72.2,0.0,14.4,1.96,11.06,0.17,1.96,7,1.0,8.57,60.0
gpm4,GPM4,2026-07-21,11.17.05.2002,Bale Redelong,provisional_catchment,yes,4.778238355009202,96.8876539578458,Asia/Jakarta,Forecast Redelong representative point. BMKG ADM4 reference: 11.17.05.2002 (Bale Redelong). Initial BMKG reference for catchment point Spatial role: provisional_catchment. Area analisis provisional; menunggu konfirmasi batas DAS resmi.,14:00,7,6.9205,cukup,"BMKG,CMA,ECMWF,GFS,ICON,METEOFRANCE,UKMO",Hujan Ringan,82.0,Tinggi,19.46,+/-1.49,85.81,+/-9.36,2.35,+/-1.18,19.46,+/-1.49,0.0,13.3,0.0,43.3,28.9,14.4,1.49,9.36,1.18,1.49,7,1.0,8.57,60.0
gpm4,GPM4,2026-07-21,11.17.05.2002,Bale Redelong,provisional_catchment,yes,4.778238355009202,96.8876539578458,Asia/Jakarta,Forecast Redelong representative point. BMKG ADM4 reference: 11.17.05.2002 (Bale Redelong). Initial BMKG reference for catchment point Spatial role: provisional_catchment. Area analisis provisional; menunggu konfirmasi batas DAS resmi.,15:00,7,7.2274,cukup,"BMKG,CMA,ECMWF,GFS,ICON,METEOFRANCE,UKMO",Hujan Ringan,82.8,Tinggi,19.37,+/-1.49,85.48,+/-10.53,2.15,+/-0.86,19.37,+/-1.49,0.0,17.0,0.0,41.5,27.7,13.8,1.49,10.53,0.86,1.49,7,1.0,0.0,0.0
gpm4,GPM4,2026-07-21,11.17.05.2002,Bale Redelong,provisional_catchment,yes,4.778238355009202,96.8876539578458,Asia/Jakarta,Forecast Redelong representative point. BMKG ADM4 reference: 11.17.05.2002 (Bale Redelong). Initial BMKG reference for catchment point Spatial role: provisional_catchment. Area analisis provisional; menunggu konfirmasi batas DAS resmi.,16:00,7,6.9205,cukup,"BMKG,CMA,ECMWF,GFS,ICON,METEOFRANCE,UKMO",Hujan Ringan,82.6,Tinggi,19.02,+/-1.41,90.5,+/-5.71,1.98,+/-0.86,19.02,+/-1.41,0.0,13.3,0.0,43.3,28.9,14.4,1.41,5.71,0.86,1.41,7,1.0,8.57,60.0
gpm4,GPM4,2026-07-21,11.17.05.2002,Bale Redelong,provisional_catchment,yes,4.778238355009202,96.8876539578458,Asia/Jakarta,Forecast Redelong representative point. BMKG ADM4 reference: 11.17.05.2002 (Bale Redelong). Initial BMKG reference for catchment point Spatial role: provisional_catchment. Area analisis provisional; menunggu konfirmasi batas DAS resmi.,17:00,7,6.9205,cukup,"BMKG,CMA,ECMWF,GFS,ICON,METEOFRANCE,UKMO",Hujan Ringan,94.2,Tinggi,18.22,+/-0.85,91.72,+/-4.86,0.85,+/-0.24,18.22,+/-0.85,13.3,0.0,0.0,86.7,0.0,0.0,0.85,4.86,0.24,0.85,7,1.0,8.57,60.0
gpm4,GPM4,2026-07-21,11.17.05.2002,Bale Redelong,provisional_catchment,yes,4.778238355009202,96.8876539578458,Asia/Jakarta,Forecast Redelong representative point. BMKG ADM4 reference: 11.17.05.2002 (Bale Redelong). Initial BMKG reference for catchment point Spatial role: provisional_catchment. Area analisis provisional; menunggu konfirmasi batas DAS resmi.,18:00,7,7.2274,cukup,"BMKG,CMA,ECMWF,GFS,ICON,METEOFRANCE,UKMO",Hujan Ringan,90.6,Tinggi,17.8,+/-1.09,93.21,+/-4.65,0.88,+/-0.56,17.8,+/-1.09,17.0,0.0,13.8,69.2,0.0,0.0,1.09,4.65,0.56,1.09,7,1.0,0.0,0.0
gpm4,GPM4,2026-07-21,11.17.05.2002,Bale Redelong,provisional_catchment,yes,4.778238355009202,96.8876539578458,Asia/Jakarta,Forecast Redelong representative point. BMKG ADM4 reference: 11.17.05.2002 (Bale Redelong). Initial BMKG reference for catchment point Spatial role: provisional_catchment. Area analisis provisional; menunggu konfirmasi batas DAS resmi.,19:00,7,6.9205,cukup,"BMKG,CMA,ECMWF,GFS,ICON,METEOFRANCE,UKMO",Hujan Ringan,90.2,Tinggi,17.11,+/-1.48,94.32,+/-4.17,0.75,+/-0.4,17.11,+/-1.48,13.3,0.0,14.4,72.2,0.0,0.0,1.48,4.17,0.4,1.48,7,1.0,8.57,60.0
gpm4,GPM4,2026-07-21,11.17.05.2002,Bale Redelong,provisional_catchment,yes,4.778238355009202,96.8876539578458,Asia/Jakarta,Forecast Redelong representative point. BMKG ADM4 reference: 11.17.05.2002 (Bale Redelong). Initial BMKG reference for catchment point Spatial role: provisional_catchment. Area analisis provisional; menunggu konfirmasi batas DAS resmi.,20:00,7,6.9205,cukup,"BMKG,CMA,ECMWF,GFS,ICON,METEOFRANCE,UKMO",Hujan Ringan,83.4,Tinggi,16.44,+/-1.34,97.16,+/-2.13,0.22,+/-0.25,16.44,+/-1.34,13.3,14.4,28.9,43.3,0.0,0.0,1.34,2.13,0.25,1.34,7,1.0,8.57,60.0
gpm4,GPM4,2026-07-21,11.17.05.2002,Bale Redelong,provisional_catchment,yes,4.778238355009202,96.8876539578458,Asia/Jakarta,Forecast Redelong representative point. BMKG ADM4 reference: 11.17.05.2002 (Bale Redelong). Initial BMKG reference for catchment point Spatial role: provisional_catchment. Area analisis provisional; menunggu konfirmasi batas DAS resmi.,21:00,7,7.2274,cukup,"BMKG,CMA,ECMWF,GFS,ICON,METEOFRANCE,UKMO",Berawan,80.6,Tinggi,16.09,+/-1.3,97.2,+/-1.65,0.12,+/-0.19,16.09,+/-1.3,17.0,27.7,27.7,27.7,0.0,0.0,1.3,1.65,0.19,1.3,7,1.0,0.0,0.0
gpm4,GPM4,2026-07-21,11.17.05.2002,Bale Redelong,provisional_catchment,yes,4.778238355009202,96.8876539578458,Asia/Jakarta,Forecast Redelong representative point. BMKG ADM4 reference: 11.17.05.2002 (Bale Redelong). Initial BMKG reference for catchment point Spatial role: provisional_catchment. Area analisis provisional; menunggu konfirmasi batas DAS resmi.,22:00,7,6.9205,cukup,"BMKG,CMA,ECMWF,GFS,ICON,METEOFRANCE,UKMO",Hujan Ringan,83.4,Tinggi,15.67,+/-1.26,96.56,+/-2.14,0.17,+/-0.19,15.67,+/-1.26,27.8,0.0,28.9,43.3,0.0,0.0,1.26,2.14,0.19,1.26,7,1.0,8.57,60.0
gpm4,GPM4,2026-07-21,11.17.05.2002,Bale Redelong,provisional_catchment,yes,4.778238355009202,96.8876539578458,Asia/Jakarta,Forecast Redelong representative point. BMKG ADM4 reference: 11.17.05.2002 (Bale Redelong). Initial BMKG reference for catchment point Spatial role: provisional_catchment. Area analisis provisional; menunggu konfirmasi batas DAS resmi.,23:00,7,6.6751,cukup,"BMKG,CMA,ECMWF,GFS,ICON,METEOFRANCE,UKMO",Berawan,79.2,Sedang,15.29,+/-1.24,97.1,+/-1.76,0.2,+/-0.33,15.29,+/-1.24,25.1,15.0,30.0,30.0,0.0,0.0,1.24,1.76,0.33,1.24,7,1.0,17.14,120.0
gpm4,GPM4,2026-07-22,11.17.05.2002,Bale Redelong,provisional_catchment,yes,4.778238355009202,96.8876539578458,Asia/Jakarta,Forecast Redelong representative point. BMKG ADM4 reference: 11.17.05.2002 (Bale Redelong). Initial BMKG reference for catchment point Spatial role: provisional_catchment. Area analisis provisional; menunggu konfirmasi batas DAS resmi.,00:00,6,6.0,cukup,"CMA,ECMWF,GFS,ICON,METEOFRANCE,UKMO",Berawan,77.2,Sedang,14.83,+/-1.1,98.0,+/-0.63,0.07,+/-0.11,14.83,+/-1.1,16.7,0.0,50.0,33.3,0.0,0.0,1.1,0.63,0.11,1.1,7,0.8571,0.0,0.0
gpm4,GPM4,2026-07-22,11.17.05.2002,Bale Redelong,provisional_catchment,yes,4.778238355009202,96.8876539578458,Asia/Jakarta,Forecast Redelong representative point. BMKG ADM4 reference: 11.17.05.2002 (Bale Redelong). Initial BMKG reference for catchment point Spatial role: provisional_catchment. Area analisis provisional; menunggu konfirmasi batas DAS resmi.,01:00,6,6.0,cukup,"CMA,ECMWF,GFS,ICON,METEOFRANCE,UKMO",Berawan,77.3,Sedang,14.58,+/-1.04,98.0,+/-0.63,0.05,+/-0.11,14.58,+/-1.04,33.3,0.0,50.0,16.7,0.0,0.0,1.04,0.63,0.11,1.04,7,0.8571,0.0,0.0
gpm4,GPM4,2026-07-22,11.17.05.2002,Bale Redelong,provisional_catchment,yes,4.778238355009202,96.8876539578458,Asia/Jakarta,Forecast Redelong representative point. BMKG ADM4 reference: 11.17.05.2002 (Bale Redelong). Initial BMKG reference for catchment point Spatial role: provisional_catchment. Area analisis provisional; menunggu konfirmasi batas DAS resmi.,02:00,6,6.0,cukup,"CMA,ECMWF,GFS,ICON,METEOFRANCE,UKMO",Berawan,77.3,Sedang,14.3,+/-1.02,97.5,+/-1.71,0.0,+/-0.0,14.3,+/-1.02,0.0,50.0,50.0,0.0,0.0,0.0,1.02,1.71,0.0,1.02,7,0.8571,0.0,0.0
gpm4,GPM4,2026-07-22,11.17.05.2002,Bale Redelong,provisional_catchment,yes,4.778238355009202,96.8876539578458,Asia/Jakarta,Forecast Redelong representative point. BMKG ADM4 reference: 11.17.05.2002 (Bale Redelong). Initial BMKG reference for catchment point Spatial role: provisional_catchment. Area analisis provisional; menunggu konfirmasi batas DAS resmi.,03:00,6,6.0,cukup,"CMA,ECMWF,GFS,ICON,METEOFRANCE,UKMO",Berawan,81.9,Tinggi,13.43,+/-0.13,97.5,+/-1.26,0.0,+/-0.0,13.43,+/-0.13,0.0,33.3,66.7,0.0,0.0,0.0,0.13,1.26,0.0,0.13,7,0.8571,0.0,0.0
gpm4,GPM4,2026-07-22,11.17.05.2002,Bale Redelong,provisional_catchment,yes,4.778238355009202,96.8876539578458,Asia/Jakarta,Forecast Redelong representative point. BMKG ADM4 reference: 11.17.05.2002 (Bale Redelong). Initial BMKG reference for catchment point Spatial role: provisional_catchment. Area analisis provisional; menunggu konfirmasi batas DAS resmi.,04:00,6,6.0,cukup,"CMA,ECMWF,GFS,ICON,METEOFRANCE,UKMO",Berawan,81.5,Tinggi,13.92,+/-1.08,97.5,+/-0.96,0.0,+/-0.0,13.92,+/-1.08,16.7,16.7,66.7,0.0,0.0,0.0,1.08,0.96,0.0,1.08,7,0.8571,0.0,0.0
gpm4,GPM4,2026-07-22,11.17.05.2002,Bale Redelong,provisional_catchment,yes,4.778238355009202,96.8876539578458,Asia/Jakarta,Forecast Redelong representative point. BMKG ADM4 reference: 11.17.05.2002 (Bale Redelong). Initial BMKG reference for catchment point Spatial role: provisional_catchment. Area analisis provisional; menunggu konfirmasi batas DAS resmi.,05:00,6,6.0,cukup,"CMA,ECMWF,GFS,ICON,METEOFRANCE,UKMO",Berawan,77.2,Sedang,13.75,+/-1.17,97.33,+/-1.11,0.0,+/-0.0,13.75,+/-1.17,16.7,33.3,50.0,0.0,0.0,0.0,1.17,1.11,0.0,1.17,7,0.8571,0.0,0.0
gpm4,GPM4,2026-07-22,11.17.05.2002,Bale Redelong,provisional_catchment,yes,4.778238355009202,96.8876539578458,Asia/Jakarta,Forecast Redelong representative point. BMKG ADM4 reference: 11.17.05.2002 (Bale Redelong). Initial BMKG reference for catchment point Spatial role: provisional_catchment. Area analisis provisional; menunggu konfirmasi batas DAS resmi.,06:00,6,6.0,cukup,"CMA,ECMWF,GFS,ICON,METEOFRANCE,UKMO",Berawan,77.2,Sedang,13.65,+/-1.33,97.33,+/-0.94,0.0,+/-0.0,13.65,+/-1.33,16.7,33.3,50.0,0.0,0.0,0.0,1.33,0.94,0.0,1.33,7,0.8571,0.0,0.0
gpm4,GPM4,2026-07-22,11.17.05.2002,Bale Redelong,provisional_catchment,yes,4.778238355009202,96.8876539578458,Asia/Jakarta,Forecast Redelong representative point. BMKG ADM4 reference: 11.17.05.2002 (Bale Redelong). Initial BMKG reference for catchment point Spatial role: provisional_catchment. Area analisis provisional; menunggu konfirmasi batas DAS resmi.,07:00,6,6.0,cukup,"CMA,ECMWF,GFS,ICON,METEOFRANCE,UKMO",Cerah Berawan,77.2,Sedang,14.1,+/-1.4,95.0,+/-0.63,0.0,+/-0.0,14.1,+/-1.4,16.7,50.0,33.3,0.0,0.0,0.0,1.4,0.63,0.0,1.4,7,0.8571,0.0,0.0
gpm4,GPM4,2026-07-22,11.17.05.2002,Bale Redelong,provisional_catchment,yes,4.778238355009202,96.8876539578458,Asia/Jakarta,Forecast Redelong representative point. BMKG ADM4 reference: 11.17.05.2002 (Bale Redelong). Initial BMKG reference for catchment point Spatial role: provisional_catchment. Area analisis provisional; menunggu konfirmasi batas DAS resmi.,08:00,6,6.0,cukup,"CMA,ECMWF,GFS,ICON,METEOFRANCE,UKMO",Cerah Berawan,77.0,Sedang,16.0,+/-1.29,90.0,+/-3.65,0.0,+/-0.0,16.0,+/-1.29,16.7,50.0,33.3,0.0,0.0,0.0,1.29,3.65,0.0,1.29,7,0.8571,0.0,0.0
gpm4,GPM4,2026-07-22,11.17.05.2002,Bale Redelong,provisional_catchment,yes,4.778238355009202,96.8876539578458,Asia/Jakarta,Forecast Redelong representative point. BMKG ADM4 reference: 11.17.05.2002 (Bale Redelong). Initial BMKG reference for catchment point Spatial role: provisional_catchment. Area analisis provisional; menunggu konfirmasi batas DAS resmi.,09:00,6,6.0,cukup,"CMA,ECMWF,GFS,ICON,METEOFRANCE,UKMO",Cerah Berawan,85.3,Tinggi,18.43,+/-1.11,79.0,+/-5.07,0.0,+/-0.0,18.43,+/-1.11,16.7,83.3,0.0,0.0,0.0,0.0,1.11,5.07,0.0,1.11,7,0.8571,0.0,0.0
gpm4,GPM4,2026-07-22,11.17.05.2002,Bale Redelong,provisional_catchment,yes,4.778238355009202,96.8876539578458,Asia/Jakarta,Forecast Redelong representative point. BMKG ADM4 reference: 11.17.05.2002 (Bale Redelong). Initial BMKG reference for catchment point Spatial role: provisional_catchment. Area analisis provisional; menunggu konfirmasi batas DAS resmi.,10:00,6,6.0,cukup,"CMA,ECMWF,GFS,ICON,METEOFRANCE,UKMO",Cerah Berawan,85.6,Tinggi,20.35,+/-0.18,70.83,+/-7.08,0.0,+/-0.0,20.35,+/-0.18,0.0,83.3,16.7,0.0,0.0,0.0,0.18,7.08,0.0,0.18,7,0.8571,0.0,0.0
gpm4,GPM4,2026-07-22,11.17.05.2002,Bale Redelong,provisional_catchment,yes,4.778238355009202,96.8876539578458,Asia/Jakarta,Forecast Redelong representative point. BMKG ADM4 reference: 11.17.05.2002 (Bale Redelong). Initial BMKG reference for catchment point Spatial role: provisional_catchment. Area analisis provisional; menunggu konfirmasi batas DAS resmi.,11:00,6,6.0,cukup,"CMA,ECMWF,GFS,ICON,METEOFRANCE,UKMO",Cerah Berawan,76.8,Sedang,21.72,+/-0.64,62.8,+/-5.42,0.37,+/-0.55,21.72,+/-0.64,0.0,50.0,16.7,33.3,0.0,0.0,0.64,5.42,0.55,0.64,7,0.8571,0.0,0.0
gpm4,GPM4,2026-07-22,11.17.05.2002,Bale Redelong,provisional_catchment,yes,4.778238355009202,96.8876539578458,Asia/Jakarta,Forecast Redelong representative point. BMKG ADM4 reference: 11.17.05.2002 (Bale Redelong). Initial BMKG reference for catchment point Spatial role: provisional_catchment. Area analisis provisional; menunggu konfirmasi batas DAS resmi.,12:00,6,6.0,cukup,"CMA,ECMWF,GFS,ICON,METEOFRANCE,UKMO",Hujan Ringan,77.3,Sedang,22.32,+/-0.65,56.0,+/-2.55,0.05,+/-0.09,22.32,+/-0.65,0.0,50.0,0.0,50.0,0.0,0.0,0.65,2.55,0.09,0.65,7,0.8571,0.0,0.0
gpm4,GPM4,2026-07-22,11.17.05.2002,Bale Redelong,provisional_catchment,yes,4.778238355009202,96.8876539578458,Asia/Jakarta,Forecast Redelong representative point. BMKG ADM4 reference: 11.17.05.2002 (Bale Redelong). Initial BMKG reference for catchment point Spatial role: provisional_catchment. Area analisis provisional; menunggu konfirmasi batas DAS resmi.,13:00,6,6.0,cukup,"CMA,ECMWF,GFS,ICON,METEOFRANCE,UKMO",Hujan Ringan,75.4,Sedang,21.78,+/-1.87,61.8,+/-15.2,0.45,+/-0.52,21.78,+/-1.87,0.0,16.7,33.3,50.0,0.0,0.0,1.87,15.2,0.52,1.87,7,0.8571,0.0,0.0
gpm4,GPM4,2026-07-22,11.17.05.2002,Bale Redelong,provisional_catchment,yes,4.778238355009202,96.8876539578458,Asia/Jakarta,Forecast Redelong representative point. BMKG ADM4 reference: 11.17.05.2002 (Bale Redelong). Initial BMKG reference for catchment point Spatial role: provisional_catchment. Area analisis provisional; menunggu konfirmasi batas DAS resmi.,14:00,6,6.0,cukup,"CMA,ECMWF,GFS,ICON,METEOFRANCE,UKMO",Hujan Ringan,79.8,Sedang,22.04,+/-0.7,71.5,+/-17.42,0.88,+/-0.89,22.04,+/-0.7,0.0,0.0,0.0,66.7,16.7,16.7,0.7,17.42,0.89,0.7,7,0.8571,0.0,0.0
gpm4,GPM4,2026-07-22,11.17.05.2002,Bale Redelong,provisional_catchment,yes,4.778238355009202,96.8876539578458,Asia/Jakarta,Forecast Redelong representative point. BMKG ADM4 reference: 11.17.05.2002 (Bale Redelong). Initial BMKG reference for catchment point Spatial role: provisional_catchment. Area analisis provisional; menunggu konfirmasi batas DAS resmi.,15:00,6,6.0,cukup,"CMA,ECMWF,GFS,ICON,METEOFRANCE,UKMO",Hujan Ringan,80.7,Tinggi,20.88,+/-0.42,78.0,+/-13.05,0.47,+/-0.25,20.88,+/-0.42,0.0,0.0,0.0,66.7,16.7,16.7,0.42,13.05,0.25,0.42,7,0.8571,0.0,0.0
gpm4,GPM4,2026-07-22,11.17.05.2002,Bale Redelong,provisional_catchment,yes,4.778238355009202,96.8876539578458,Asia/Jakarta,Forecast Redelong representative point. BMKG ADM4 reference: 11.17.05.2002 (Bale Redelong). Initial BMKG reference for catchment point Spatial role: provisional_catchment. Area analisis provisional; menunggu konfirmasi batas DAS resmi.,16:00,6,6.0,cukup,"CMA,ECMWF,GFS,ICON,METEOFRANCE,UKMO",Hujan Ringan,80.2,Tinggi,19.47,+/-0.94,83.67,+/-10.32,0.92,+/-0.87,19.47,+/-0.94,0.0,0.0,0.0,66.7,33.3,0.0,0.94,10.32,0.87,0.94,7,0.8571,0.0,0.0
gpm4,GPM4,2026-07-22,11.17.05.2002,Bale Redelong,provisional_catchment,yes,4.778238355009202,96.8876539578458,Asia/Jakarta,Forecast Redelong representative point. BMKG ADM4 reference: 11.17.05.2002 (Bale Redelong). Initial BMKG reference for catchment point Spatial role: provisional_catchment. Area analisis provisional; menunggu konfirmasi batas DAS resmi.,17:00,6,6.0,cukup,"CMA,ECMWF,GFS,ICON,METEOFRANCE,UKMO",Hujan Ringan,80.9,Tinggi,18.67,+/-0.88,87.83,+/-8.09,0.32,+/-0.23,18.67,+/-0.88,0.0,0.0,16.7,66.7,16.7,0.0,0.88,8.09,0.23,0.88,7,0.8571,0.0,0.0
gpm4,GPM4,2026-07-22,11.17.05.2002,Bale Redelong,provisional_catchment,yes,4.778238355009202,96.8876539578458,Asia/Jakarta,Forecast Redelong representative point. BMKG ADM4 reference: 11.17.05.2002 (Bale Redelong). Initial BMKG reference for catchment point Spatial role: provisional_catchment. Area analisis provisional; menunggu konfirmasi batas DAS resmi.,18:00,6,6.0,cukup,"CMA,ECMWF,GFS,ICON,METEOFRANCE,UKMO",Hujan Ringan,81.0,Tinggi,17.78,+/-1.12,94.2,+/-3.82,0.38,+/-0.28,17.78,+/-1.12,0.0,0.0,16.7,66.7,16.7,0.0,1.12,3.82,0.28,1.12,7,0.8571,0.0,0.0
gpm4,GPM4,2026-07-22,11.17.05.2002,Bale Redelong,provisional_catchment,yes,4.778238355009202,96.8876539578458,Asia/Jakarta,Forecast Redelong representative point. BMKG ADM4 reference: 11.17.05.2002 (Bale Redelong). Initial BMKG reference for catchment point Spatial role: provisional_catchment. Area analisis provisional; menunggu konfirmasi batas DAS resmi.,19:00,6,6.0,cukup,"CMA,ECMWF,GFS,ICON,METEOFRANCE,UKMO",Hujan Ringan,81.1,Tinggi,17.12,+/-1.26,96.4,+/-1.96,0.3,+/-0.23,17.12,+/-1.26,0.0,0.0,16.7,66.7,16.7,0.0,1.26,1.96,0.23,1.26,7,0.8571,0.0,0.0
gpm4,GPM4,2026-07-22,11.17.05.2002,Bale Redelong,provisional_catchment,yes,4.778238355009202,96.8876539578458,Asia/Jakarta,Forecast Redelong representative point. BMKG ADM4 reference: 11.17.05.2002 (Bale Redelong). Initial BMKG reference for catchment point Spatial role: provisional_catchment. Area analisis provisional; menunggu konfirmasi batas DAS resmi.,20:00,6,6.0,cukup,"CMA,ECMWF,GFS,ICON,METEOFRANCE,UKMO",Hujan Ringan,76.8,Sedang,16.47,+/-1.31,97.2,+/-1.72,0.4,+/-0.47,16.47,+/-1.31,16.7,33.3,0.0,50.0,0.0,0.0,1.31,1.72,0.47,1.31,7,0.8571,0.0,0.0
gpm4,GPM4,2026-07-22,11.17.05.2002,Bale Redelong,provisional_catchment,yes,4.778238355009202,96.8876539578458,Asia/Jakarta,Forecast Redelong representative point. BMKG ADM4 reference: 11.17.05.2002 (Bale Redelong). Initial BMKG reference for catchment point Spatial role: provisional_catchment. Area analisis provisional; menunggu konfirmasi batas DAS resmi.,21:00,6,6.0,cukup,"CMA,ECMWF,GFS,ICON,METEOFRANCE,UKMO",Hujan Ringan,77.0,Sedang,15.9,+/-1.31,98.0,+/-0.71,0.16,+/-0.23,15.9,+/-1.31,16.7,33.3,0.0,50.0,0.0,0.0,1.31,0.71,0.23,1.31,7,0.8571,0.0,0.0
gpm4,GPM4,2026-07-22,11.17.05.2002,Bale Redelong,provisional_catchment,yes,4.778238355009202,96.8876539578458,Asia/Jakarta,Forecast Redelong representative point. BMKG ADM4 reference: 11.17.05.2002 (Bale Redelong). Initial BMKG reference for catchment point Spatial role: provisional_catchment. Area analisis provisional; menunggu konfirmasi batas DAS resmi.,22:00,6,6.0,cukup,"CMA,ECMWF,GFS,ICON,METEOFRANCE,UKMO",Hujan Ringan,72.9,Sedang,14.84,+/-0.8,98.0,+/-0.71,0.32,+/-0.49,14.84,+/-0.8,16.7,33.3,16.7,33.3,0.0,0.0,0.8,0.71,0.49,0.8,7,0.8571,0.0,0.0
gpm4,GPM4,2026-07-22,11.17.05.2002,Bale Redelong,provisional_catchment,yes,4.778238355009202,96.8876539578458,Asia/Jakarta,Forecast Redelong representative point. BMKG ADM4 reference: 11.17.05.2002 (Bale Redelong). Initial BMKG reference for catchment point Spatial role: provisional_catchment. Area analisis provisional; menunggu konfirmasi batas DAS resmi.,23:00,6,6.0,cukup,"CMA,ECMWF,GFS,ICON,METEOFRANCE,UKMO",Cerah Berawan,72.6,Sedang,14.34,+/-0.99,97.0,+/-2.1,0.28,+/-0.63,14.34,+/-0.99,16.7,33.3,33.3,16.7,0.0,0.0,0.99,2.1,0.63,0.99,7,0.8571,0.0,0.0
gpm5,GPM5,2026-07-19,11.17.05.2002,Bale Redelong,provisional_catchment,yes,4.767312077178135,96.94566692384144,Asia/Jakarta,Forecast Redelong representative point. BMKG ADM4 reference: 11.17.05.2002 (Bale Redelong). Initial BMKG reference for catchment point Spatial role: provisional_catchment. Area analisis provisional; menunggu konfirmasi batas DAS resmi.,00:00,6,6.0,cukup,"CMA,ECMWF,GFS,ICON,METEOFRANCE,UKMO",Hujan Ringan,77.4,Sedang,17.88,+/-0.45,97.17,+/-1.67,0.23,+/-0.26,17.88,+/-0.45,0.0,33.3,16.7,50.0,0.0,0.0,0.45,1.67,0.26,0.45,7,0.8571,0.0,0.0
gpm5,GPM5,2026-07-19,11.17.05.2002,Bale Redelong,provisional_catchment,yes,4.767312077178135,96.94566692384144,Asia/Jakarta,Forecast Redelong representative point. BMKG ADM4 reference: 11.17.05.2002 (Bale Redelong). Initial BMKG reference for catchment point Spatial role: provisional_catchment. Area analisis provisional; menunggu konfirmasi batas DAS resmi.,01:00,6,6.0,cukup,"CMA,ECMWF,GFS,ICON,METEOFRANCE,UKMO",Hujan Ringan,77.4,Sedang,17.5,+/-0.59,96.5,+/-2.14,0.08,+/-0.12,17.5,+/-0.59,0.0,16.7,33.3,50.0,0.0,0.0,0.59,2.14,0.12,0.59,7,0.8571,0.0,0.0
gpm5,GPM5,2026-07-19,11.17.05.2002,Bale Redelong,provisional_catchment,yes,4.767312077178135,96.94566692384144,Asia/Jakarta,Forecast Redelong representative point. BMKG ADM4 reference: 11.17.05.2002 (Bale Redelong). Initial BMKG reference for catchment point Spatial role: provisional_catchment. Area analisis provisional; menunggu konfirmasi batas DAS resmi.,02:00,6,6.0,cukup,"CMA,ECMWF,GFS,ICON,METEOFRANCE,UKMO",Berawan,77.3,Sedang,17.22,+/-0.61,96.17,+/-2.19,0.12,+/-0.19,17.22,+/-0.61,16.7,0.0,50.0,33.3,0.0,0.0,0.61,2.19,0.19,0.61,7,0.8571,0.0,0.0
gpm5,GPM5,2026-07-19,11.17.05.2002,Bale Redelong,provisional_catchment,yes,4.767312077178135,96.94566692384144,Asia/Jakarta,Forecast Redelong representative point. BMKG ADM4 reference: 11.17.05.2002 (Bale Redelong). Initial BMKG reference for catchment point Spatial role: provisional_catchment. Area analisis provisional; menunggu konfirmasi batas DAS resmi.,03:00,6,6.0,cukup,"CMA,ECMWF,GFS,ICON,METEOFRANCE,UKMO",Berawan,76.9,Sedang,17.57,+/-1.42,95.83,+/-2.11,0.1,+/-0.15,17.57,+/-1.42,16.7,0.0,50.0,33.3,0.0,0.0,1.42,2.11,0.15,1.42,7,0.8571,0.0,0.0
gpm5,GPM5,2026-07-19,11.17.05.2002,Bale Redelong,provisional_catchment,yes,4.767312077178135,96.94566692384144,Asia/Jakarta,Forecast Redelong representative point. BMKG ADM4 reference: 11.17.05.2002 (Bale Redelong). Initial BMKG reference for catchment point Spatial role: provisional_catchment. Area analisis provisional; menunggu konfirmasi batas DAS resmi.,04:00,6,6.0,cukup,"CMA,ECMWF,GFS,ICON,METEOFRANCE,UKMO",Cerah Berawan,77.0,Sedang,17.42,+/-1.38,95.33,+/-2.05,0.07,+/-0.09,17.42,+/-1.38,0.0,50.0,16.7,33.3,0.0,0.0,1.38,2.05,0.09,1.38,7,0.8571,0.0,0.0
gpm5,GPM5,2026-07-19,11.17.05.2002,Bale Redelong,provisional_catchment,yes,4.767312077178135,96.94566692384144,Asia/Jakarta,Forecast Redelong representative point. BMKG ADM4 reference: 11.17.05.2002 (Bale Redelong). Initial BMKG reference for catchment point Spatial role: provisional_catchment. Area analisis provisional; menunggu konfirmasi batas DAS resmi.,05:00,6,6.0,cukup,"CMA,ECMWF,GFS,ICON,METEOFRANCE,UKMO",Cerah Berawan,76.9,Sedang,17.33,+/-1.34,95.17,+/-2.97,0.05,+/-0.11,17.33,+/-1.34,16.7,50.0,16.7,16.7,0.0,0.0,1.34,2.97,0.11,1.34,7,0.8571,0.0,0.0
gpm5,GPM5,2026-07-19,11.17.05.2002,Bale Redelong,provisional_catchment,yes,4.767312077178135,96.94566692384144,Asia/Jakarta,Forecast Redelong representative point. BMKG ADM4 reference: 11.17.05.2002 (Bale Redelong). Initial BMKG reference for catchment point Spatial role: provisional_catchment. Area analisis provisional; menunggu konfirmasi batas DAS resmi.,06:00,6,6.0,cukup,"CMA,ECMWF,GFS,ICON,METEOFRANCE,UKMO",Cerah,73.3,Sedang,17.35,+/-0.15,94.5,+/-3.95,0.02,+/-0.04,17.35,+/-0.15,33.3,33.3,16.7,16.7,0.0,0.0,0.15,3.95,0.04,0.15,7,0.8571,0.0,0.0
gpm5,GPM5,2026-07-19,11.17.05.2002,Bale Redelong,provisional_catchment,yes,4.767312077178135,96.94566692384144,Asia/Jakarta,Forecast Redelong representative point. BMKG ADM4 reference: 11.17.05.2002 (Bale Redelong). Initial BMKG reference for catchment point Spatial role: provisional_catchment. Area analisis provisional; menunggu konfirmasi batas DAS resmi.,07:00,6,6.0,cukup,"CMA,ECMWF,GFS,ICON,METEOFRANCE,UKMO",Berawan,77.0,Sedang,17.7,+/-1.08,93.67,+/-5.02,0.0,+/-0.0,17.7,+/-1.08,16.7,33.3,50.0,0.0,0.0,0.0,1.08,5.02,0.0,1.08,7,0.8571,0.0,0.0
gpm5,GPM5,2026-07-19,11.17.05.2002,Bale Redelong,provisional_catchment,yes,4.767312077178135,96.94566692384144,Asia/Jakarta,Forecast Redelong representative point. BMKG ADM4 reference: 11.17.05.2002 (Bale Redelong). Initial BMKG reference for catchment point Spatial role: provisional_catchment. Area analisis provisional; menunggu konfirmasi batas DAS resmi.,08:00,6,6.0,cukup,"CMA,ECMWF,GFS,ICON,METEOFRANCE,UKMO",Berawan,81.5,Tinggi,19.24,+/-0.27,91.33,+/-5.28,0.02,+/-0.04,19.24,+/-0.27,0.0,16.7,66.7,16.7,0.0,0.0,0.27,5.28,0.04,0.27,7,0.8571,0.0,0.0
gpm5,GPM5,2026-07-19,11.17.05.2002,Bale Redelong,provisional_catchment,yes,4.767312077178135,96.94566692384144,Asia/Jakarta,Forecast Redelong representative point. BMKG ADM4 reference: 11.17.05.2002 (Bale Redelong). Initial BMKG reference for catchment point Spatial role: provisional_catchment. Area analisis provisional; menunggu konfirmasi batas DAS resmi.,09:00,6,6.0,cukup,"CMA,ECMWF,GFS,ICON,METEOFRANCE,UKMO",Berawan,77.5,Sedang,20.8,+/-0.27,83.6,+/-1.96,0.08,+/-0.15,20.8,+/-0.27,0.0,16.7,50.0,33.3,0.0,0.0,0.27,1.96,0.15,0.27,7,0.8571,0.0,0.0
gpm5,GPM5,2026-07-19,11.17.05.2002,Bale Redelong,provisional_catchment,yes,4.767312077178135,96.94566692384144,Asia/Jakarta,Forecast Redelong representative point. BMKG ADM4 reference: 11.17.05.2002 (Bale Redelong). Initial BMKG reference for catchment point Spatial role: provisional_catchment. Area analisis provisional; menunggu konfirmasi batas DAS resmi.,10:00,6,6.0,cukup,"CMA,ECMWF,GFS,ICON,METEOFRANCE,UKMO",Berawan,77.6,Sedang,21.9,+/-0.27,80.5,+/-0.5,0.12,+/-0.22,21.9,+/-0.27,0.0,16.7,50.0,33.3,0.0,0.0,0.27,0.5,0.22,0.27,7,0.8571,0.0,0.0
gpm5,GPM5,2026-07-19,11.17.05.2002,Bale Redelong,provisional_catchment,yes,4.767312077178135,96.94566692384144,Asia/Jakarta,Forecast Redelong representative point. BMKG ADM4 reference: 11.17.05.2002 (Bale Redelong). Initial BMKG reference for catchment point Spatial role: provisional_catchment. Area analisis provisional; menunggu konfirmasi batas DAS resmi.,11:00,6,6.0,cukup,"CMA,ECMWF,GFS,ICON,METEOFRANCE,UKMO",Hujan Ringan,81.2,Tinggi,22.62,+/-0.62,77.5,+/-4.57,0.22,+/-0.26,22.62,+/-0.62,0.0,16.7,16.7,66.7,0.0,0.0,0.62,4.57,0.26,0.62,7,0.8571,0.0,0.0
gpm5,GPM5,2026-07-19,11.17.05.2002,Bale Redelong,provisional_catchment,yes,4.767312077178135,96.94566692384144,Asia/Jakarta,Forecast Redelong representative point. BMKG ADM4 reference: 11.17.05.2002 (Bale Redelong). Initial BMKG reference for catchment point Spatial role: provisional_catchment. Area analisis provisional; menunggu konfirmasi batas DAS resmi.,12:00,7,6.6868,cukup,"BMKG,CMA,ECMWF,GFS,ICON,METEOFRANCE,UKMO",Hujan Ringan,91.8,Tinggi,22.45,+/-2.05,82.19,+/-8.13,0.87,+/-0.75,22.45,+/-2.05,0.0,0.0,15.0,85.0,0.0,0.0,2.05,8.13,0.75,2.05,7,1.0,25.71,180.0
gpm5,GPM5,2026-07-19,11.17.05.2002,Bale Redelong,provisional_catchment,yes,4.767312077178135,96.94566692384144,Asia/Jakarta,Forecast Redelong representative point. BMKG ADM4 reference: 11.17.05.2002 (Bale Redelong). Initial BMKG reference for catchment point Spatial role: provisional_catchment. Area analisis provisional; menunggu konfirmasi batas DAS resmi.,13:00,7,6.6868,cukup,"BMKG,CMA,ECMWF,GFS,ICON,METEOFRANCE,UKMO",Hujan Ringan,88.2,Tinggi,21.83,+/-1.9,87.42,+/-7.09,1.7,+/-0.79,21.83,+/-1.9,0.0,0.0,0.0,70.1,15.0,15.0,1.9,7.09,0.79,1.9,7,1.0,17.14,120.0
gpm5,GPM5,2026-07-19,11.17.05.2002,Bale Redelong,provisional_catchment,yes,4.767312077178135,96.94566692384144,Asia/Jakarta,Forecast Redelong representative point. BMKG ADM4 reference: 11.17.05.2002 (Bale Redelong). Initial BMKG reference for catchment point Spatial role: provisional_catchment. Area analisis provisional; menunggu konfirmasi batas DAS resmi.,14:00,7,6.9366,cukup,"BMKG,CMA,ECMWF,GFS,ICON,METEOFRANCE,UKMO",Hujan Sedang,82.5,Tinggi,21.19,+/-1.41,91.26,+/-5.49,3.28,+/-1.07,21.19,+/-1.41,0.0,0.0,0.0,27.9,43.2,28.8,1.41,5.49,1.07,1.41,7,1.0,8.57,60.0
gpm5,GPM5,2026-07-19,11.17.05.2002,Bale Redelong,provisional_catchment,yes,4.767312077178135,96.94566692384144,Asia/Jakarta,Forecast Redelong representative point. BMKG ADM4 reference: 11.17.05.2002 (Bale Redelong). Initial BMKG reference for catchment point Spatial role: provisional_catchment. Area analisis provisional; menunggu konfirmasi batas DAS resmi.,15:00,7,7.2488,cukup,"BMKG,CMA,ECMWF,GFS,ICON,METEOFRANCE,UKMO",Hujan Sedang,83.9,Tinggi,20.92,+/-1.35,92.07,+/-3.38,3.4,+/-0.21,20.92,+/-1.35,0.0,0.0,0.0,31.0,41.4,27.6,1.35,3.38,0.21,1.35,7,1.0,0.0,0.0
gpm5,GPM5,2026-07-19,11.17.05.2002,Bale Redelong,provisional_catchment,yes,4.767312077178135,96.94566692384144,Asia/Jakarta,Forecast Redelong representative point. BMKG ADM4 reference: 11.17.05.2002 (Bale Redelong). Initial BMKG reference for catchment point Spatial role: provisional_catchment. Area analisis provisional; menunggu konfirmasi batas DAS resmi.,16:00,7,6.9366,cukup,"BMKG,CMA,ECMWF,GFS,ICON,METEOFRANCE,UKMO",Hujan Ringan,81.8,Tinggi,20.03,+/-0.65,93.86,+/-2.24,3.93,+/-2.5,20.03,+/-0.65,0.0,0.0,0.0,42.3,28.8,28.8,0.65,2.24,2.5,0.65,7,1.0,8.57,60.0
gpm5,GPM5,2026-07-19,11.17.05.2002,Bale Redelong,provisional_catchment,yes,4.767312077178135,96.94566692384144,Asia/Jakarta,Forecast Redelong representative point. BMKG ADM4 reference: 11.17.05.2002 (Bale Redelong). Initial BMKG reference for catchment point Spatial role: provisional_catchment. Area analisis provisional; menunggu konfirmasi batas DAS resmi.,17:00,7,6.9366,cukup,"BMKG,CMA,ECMWF,GFS,ICON,METEOFRANCE,UKMO",Hujan Ringan,85.8,Tinggi,20.15,+/-1.23,94.55,+/-2.38,2.55,+/-1.93,20.15,+/-1.23,0.0,0.0,13.5,57.7,14.4,14.4,1.23,2.38,1.93,1.23,7,1.0,8.57,60.0
gpm5,GPM5,2026-07-19,11.17.05.2002,Bale Redelong,provisional_catchment,yes,4.767312077178135,96.94566692384144,Asia/Jakarta,Forecast Redelong representative point. BMKG ADM4 reference: 11.17.05.2002 (Bale Redelong). Initial BMKG reference for catchment point Spatial role: provisional_catchment. Area analisis provisional; menunggu konfirmasi batas DAS resmi.,18:00,7,7.2488,cukup,"BMKG,CMA,ECMWF,GFS,ICON,METEOFRANCE,UKMO",Hujan Ringan,90.5,Tinggi,19.15,+/-0.63,95.62,+/-1.06,1.85,+/-1.37,19.15,+/-0.63,0.0,0.0,17.2,69.0,13.8,0.0,0.63,1.06,1.37,0.63,7,1.0,0.0,0.0
gpm5,GPM5,2026-07-19,11.17.05.2002,Bale Redelong,provisional_catchment,yes,4.767312077178135,96.94566692384144,Asia/Jakarta,Forecast Redelong representative point. BMKG ADM4 reference: 11.17.05.2002 (Bale Redelong). Initial BMKG reference for catchment point Spatial role: provisional_catchment. Area analisis provisional; menunggu konfirmasi batas DAS resmi.,19:00,7,6.9366,cukup,"BMKG,CMA,ECMWF,GFS,ICON,METEOFRANCE,UKMO",Hujan Ringan,90.8,Tinggi,18.52,+/-0.5,96.71,+/-1.17,0.93,+/-0.7,18.52,+/-0.5,0.0,0.0,27.9,72.1,0.0,0.0,0.5,1.17,0.7,0.5,7,1.0,8.57,60.0
gpm5,GPM5,2026-07-19,11.17.05.2002,Bale Redelong,provisional_catchment,yes,4.767312077178135,96.94566692384144,Asia/Jakarta,Forecast Redelong representative point. BMKG ADM4 reference: 11.17.05.2002 (Bale Redelong). Initial BMKG reference for catchment point Spatial role: provisional_catchment. Area analisis provisional; menunggu konfirmasi batas DAS resmi.,20:00,7,6.9366,cukup,"BMKG,CMA,ECMWF,GFS,ICON,METEOFRANCE,UKMO",Berawan,83.7,Tinggi,18.21,+/-0.6,97.29,+/-1.39,0.35,+/-0.38,18.21,+/-0.6,13.5,0.0,43.2,43.2,0.0,0.0,0.6,1.39,0.38,0.6,7,1.0,8.57,60.0
gpm5,GPM5,2026-07-19,11.17.05.2002,Bale Redelong,provisional_catchment,yes,4.767312077178135,96.94566692384144,Asia/Jakarta,Forecast Redelong representative point. BMKG ADM4 reference: 11.17.05.2002 (Bale Redelong). Initial BMKG reference for catchment point Spatial role: provisional_catchment. Area analisis provisional; menunggu konfirmasi batas DAS resmi.,21:00,7,7.2488,cukup,"BMKG,CMA,ECMWF,GFS,ICON,METEOFRANCE,UKMO",Berawan,84.4,Tinggi,18.07,+/-0.61,97.0,+/-1.05,0.3,+/-0.35,18.07,+/-0.61,17.2,0.0,41.4,41.4,0.0,0.0,0.61,1.05,0.35,0.61,7,1.0,0.0,0.0
gpm5,GPM5,2026-07-19,11.17.05.2002,Bale Redelong,provisional_catchment,yes,4.767312077178135,96.94566692384144,Asia/Jakarta,Forecast Redelong representative point. BMKG ADM4 reference: 11.17.05.2002 (Bale Redelong). Initial BMKG reference for catchment point Spatial role: provisional_catchment. Area analisis provisional; menunggu konfirmasi batas DAS resmi.,22:00,7,6.9366,cukup,"BMKG,CMA,ECMWF,GFS,ICON,METEOFRANCE,UKMO",Berawan,87.6,Tinggi,17.94,+/-0.56,96.57,+/-1.41,0.07,+/-0.09,17.94,+/-0.56,13.5,0.0,57.7,28.8,0.0,0.0,0.56,1.41,0.09,0.56,7,1.0,8.57,60.0
gpm5,GPM5,2026-07-19,11.17.05.2002,Bale Redelong,provisional_catchment,yes,4.767312077178135,96.94566692384144,Asia/Jakarta,Forecast Redelong representative point. BMKG ADM4 reference: 11.17.05.2002 (Bale Redelong). Initial BMKG reference for catchment point Spatial role: provisional_catchment. Area analisis provisional; menunggu konfirmasi batas DAS resmi.,23:00,7,6.6868,cukup,"BMKG,CMA,ECMWF,GFS,ICON,METEOFRANCE,UKMO",Berawan,86.6,Tinggi,18.08,+/-1.45,96.25,+/-1.78,0.17,+/-0.33,18.08,+/-1.45,10.3,0.0,59.8,29.9,0.0,0.0,1.45,1.78,0.33,1.45,7,1.0,17.14,120.0
gpm5,GPM5,2026-07-20,11.17.05.2002,Bale Redelong,provisional_catchment,yes,4.767312077178135,96.94566692384144,Asia/Jakarta,Forecast Redelong representative point. BMKG ADM4 reference: 11.17.05.2002 (Bale Redelong). Initial BMKG reference for catchment point Spatial role: provisional_catchment. Area analisis provisional; menunggu konfirmasi batas DAS resmi.,00:00,7,7.216,cukup,"BMKG,CMA,ECMWF,GFS,ICON,METEOFRANCE,UKMO",Berawan,87.1,Tinggi,17.62,+/-1.57,96.14,+/-2.2,0.22,+/-0.44,17.62,+/-1.57,0.0,16.9,55.4,27.7,0.0,0.0,1.57,2.2,0.44,1.57,7,1.0,0.0,0.0
gpm5,GPM5,2026-07-20,11.17.05.2002,Bale Redelong,provisional_catchment,yes,4.767312077178135,96.94566692384144,Asia/Jakarta,Forecast Redelong representative point. BMKG ADM4 reference: 11.17.05.2002 (Bale Redelong). Initial BMKG reference for catchment point Spatial role: provisional_catchment. Area analisis provisional; menunggu konfirmasi batas DAS resmi.,01:00,7,6.912,cukup,"BMKG,CMA,ECMWF,GFS,ICON,METEOFRANCE,UKMO",Berawan,87.0,Tinggi,16.98,+/-0.84,96.14,+/-2.25,0.25,+/-0.48,16.98,+/-0.84,0.0,13.2,57.9,28.9,0.0,0.0,0.84,2.25,0.48,0.84,7,1.0,8.57,60.0
gpm5,GPM5,2026-07-20,11.17.05.2002,Bale Redelong,provisional_catchment,yes,4.767312077178135,96.94566692384144,Asia/Jakarta,Forecast Redelong representative point. BMKG ADM4 reference: 11.17.05.2002 (Bale Redelong). Initial BMKG reference for catchment point Spatial role: provisional_catchment. Area analisis provisional; menunggu konfirmasi batas DAS resmi.,02:00,7,6.912,cukup,"BMKG,CMA,ECMWF,GFS,ICON,METEOFRANCE,UKMO",Hujan Ringan,86.9,Tinggi,17.21,+/-1.66,96.7,+/-2.56,0.1,+/-0.12,17.21,+/-1.66,0.0,14.5,27.7,57.9,0.0,0.0,1.66,2.56,0.12,1.66,7,1.0,8.57,60.0
gpm5,GPM5,2026-07-20,11.17.05.2002,Bale Redelong,provisional_catchment,yes,4.767312077178135,96.94566692384144,Asia/Jakarta,Forecast Redelong representative point. BMKG ADM4 reference: 11.17.05.2002 (Bale Redelong). Initial BMKG reference for catchment point Spatial role: provisional_catchment. Area analisis provisional; menunggu konfirmasi batas DAS resmi.,03:00,7,7.216,cukup,"BMKG,CMA,ECMWF,GFS,ICON,METEOFRANCE,UKMO",Hujan Ringan,86.9,Tinggi,17.13,+/-1.63,96.61,+/-1.75,0.72,+/-0.79,17.13,+/-1.63,13.9,0.0,30.7,55.4,0.0,0.0,1.63,1.75,0.79,1.63,7,1.0,0.0,0.0
gpm5,GPM5,2026-07-20,11.17.05.2002,Bale Redelong,provisional_catchment,yes,4.767312077178135,96.94566692384144,Asia/Jakarta,Forecast Redelong representative point. BMKG ADM4 reference: 11.17.05.2002 (Bale Redelong). Initial BMKG reference for catchment point Spatial role: provisional_catchment. Area analisis provisional; menunggu konfirmasi batas DAS resmi.,04:00,7,6.912,cukup,"BMKG,CMA,ECMWF,GFS,ICON,METEOFRANCE,UKMO",Hujan Ringan,86.4,Tinggi,17.11,+/-1.67,96.55,+/-1.68,0.75,+/-0.83,17.11,+/-1.67,14.5,0.0,27.7,57.9,0.0,0.0,1.67,1.68,0.83,1.67,7,1.0,8.57,60.0
gpm5,GPM5,2026-07-20,11.17.05.2002,Bale Redelong,provisional_catchment,yes,4.767312077178135,96.94566692384144,Asia/Jakarta,Forecast Redelong representative point. BMKG ADM4 reference: 11.17.05.2002 (Bale Redelong). Initial BMKG reference for catchment point Spatial role: provisional_catchment. Area analisis provisional; menunggu konfirmasi batas DAS resmi.,05:00,7,6.912,cukup,"BMKG,CMA,ECMWF,GFS,ICON,METEOFRANCE,UKMO",Hujan Ringan,87.2,Tinggi,16.64,+/-0.77,95.59,+/-2.2,0.3,+/-0.3,16.64,+/-0.77,14.5,13.2,14.5,57.9,0.0,0.0,0.77,2.2,0.3,0.77,7,1.0,8.57,60.0
gpm5,GPM5,2026-07-20,11.17.05.2002,Bale Redelong,provisional_catchment,yes,4.767312077178135,96.94566692384144,Asia/Jakarta,Forecast Redelong representative point. BMKG ADM4 reference: 11.17.05.2002 (Bale Redelong). Initial BMKG reference for catchment point Spatial role: provisional_catchment. Area analisis provisional; menunggu konfirmasi batas DAS resmi.,06:00,7,7.216,cukup,"BMKG,CMA,ECMWF,GFS,ICON,METEOFRANCE,UKMO",Hujan Ringan,87.7,Tinggi,16.66,+/-0.78,94.97,+/-2.58,0.12,+/-0.11,16.66,+/-0.78,13.9,16.9,13.9,55.4,0.0,0.0,0.78,2.58,0.11,0.78,7,1.0,0.0,0.0
gpm5,GPM5,2026-07-20,11.17.05.2002,Bale Redelong,provisional_catchment,yes,4.767312077178135,96.94566692384144,Asia/Jakarta,Forecast Redelong representative point. BMKG ADM4 reference: 11.17.05.2002 (Bale Redelong). Initial BMKG reference for catchment point Spatial role: provisional_catchment. Area analisis provisional; menunggu konfirmasi batas DAS resmi.,07:00,7,6.912,cukup,"BMKG,CMA,ECMWF,GFS,ICON,METEOFRANCE,UKMO",Hujan Ringan,83.7,Tinggi,17.12,+/-0.71,93.86,+/-3.46,0.1,+/-0.12,17.12,+/-0.71,14.5,13.2,28.9,43.4,0.0,0.0,0.71,3.46,0.12,0.71,7,1.0,8.57,60.0
gpm5,GPM5,2026-07-20,11.17.05.2002,Bale Redelong,provisional_catchment,yes,4.767312077178135,96.94566692384144,Asia/Jakarta,Forecast Redelong representative point. BMKG ADM4 reference: 11.17.05.2002 (Bale Redelong). Initial BMKG reference for catchment point Spatial role: provisional_catchment. Area analisis provisional; menunggu konfirmasi batas DAS resmi.,08:00,7,6.912,cukup,"BMKG,CMA,ECMWF,GFS,ICON,METEOFRANCE,UKMO",Hujan Ringan,83.3,Tinggi,19.51,+/-0.97,90.59,+/-5.99,0.13,+/-0.15,19.51,+/-0.97,27.7,0.0,28.9,43.4,0.0,0.0,0.97,5.99,0.15,0.97,7,1.0,8.57,60.0
gpm5,GPM5,2026-07-20,11.17.05.2002,Bale Redelong,provisional_catchment,yes,4.767312077178135,96.94566692384144,Asia/Jakarta,Forecast Redelong representative point. BMKG ADM4 reference: 11.17.05.2002 (Bale Redelong). Initial BMKG reference for catchment point Spatial role: provisional_catchment. Area analisis provisional; menunggu konfirmasi batas DAS resmi.,09:00,7,7.216,cukup,"BMKG,CMA,ECMWF,GFS,ICON,METEOFRANCE,UKMO",Hujan Ringan,84.1,Tinggi,20.74,+/-0.93,87.17,+/-2.34,0.2,+/-0.23,20.74,+/-0.93,30.7,0.0,27.7,41.6,0.0,0.0,0.93,2.34,0.23,0.93,7,1.0,0.0,0.0
gpm5,GPM5,2026-07-20,11.17.05.2002,Bale Redelong,provisional_catchment,yes,4.767312077178135,96.94566692384144,Asia/Jakarta,Forecast Redelong representative point. BMKG ADM4 reference: 11.17.05.2002 (Bale Redelong). Initial BMKG reference for catchment point Spatial role: provisional_catchment. Area analisis provisional; menunggu konfirmasi batas DAS resmi.,10:00,7,6.912,cukup,"BMKG,CMA,ECMWF,GFS,ICON,METEOFRANCE,UKMO",Hujan Ringan,87.5,Tinggi,21.27,+/-0.39,84.8,+/-1.47,0.22,+/-0.18,21.27,+/-0.39,13.2,14.5,14.5,57.9,0.0,0.0,0.39,1.47,0.18,0.39,7,1.0,8.57,60.0
gpm5,GPM5,2026-07-20,11.17.05.2002,Bale Redelong,provisional_catchment,yes,4.767312077178135,96.94566692384144,Asia/Jakarta,Forecast Redelong representative point. BMKG ADM4 reference: 11.17.05.2002 (Bale Redelong). Initial BMKG reference for catchment point Spatial role: provisional_catchment. Area analisis provisional; menunggu konfirmasi batas DAS resmi.,11:00,7,6.912,cukup,"BMKG,CMA,ECMWF,GFS,ICON,METEOFRANCE,UKMO",Hujan Ringan,86.6,Tinggi,22.91,+/-1.22,81.0,+/-4.93,0.6,+/-0.47,22.91,+/-1.22,13.2,0.0,14.5,57.9,0.0,14.5,1.22,4.93,0.47,1.22,7,1.0,8.57,60.0
gpm5,GPM5,2026-07-20,11.17.05.2002,Bale Redelong,provisional_catchment,yes,4.767312077178135,96.94566692384144,Asia/Jakarta,Forecast Redelong representative point. BMKG ADM4 reference: 11.17.05.2002 (Bale Redelong). Initial BMKG reference for catchment point Spatial role: provisional_catchment. Area analisis provisional; menunggu konfirmasi batas DAS resmi.,12:00,7,7.216,cukup,"BMKG,CMA,ECMWF,GFS,ICON,METEOFRANCE,UKMO",Hujan Ringan,90.1,Tinggi,22.97,+/-1.27,80.35,+/-8.94,0.95,+/-0.6,22.97,+/-1.27,16.9,0.0,0.0,69.3,0.0,13.9,1.27,8.94,0.6,1.27,7,1.0,0.0,0.0
gpm5,GPM5,2026-07-20,11.17.05.2002,Bale Redelong,provisional_catchment,yes,4.767312077178135,96.94566692384144,Asia/Jakarta,Forecast Redelong representative point. BMKG ADM4 reference: 11.17.05.2002 (Bale Redelong). Initial BMKG reference for catchment point Spatial role: provisional_catchment. Area analisis provisional; menunggu konfirmasi batas DAS resmi.,13:00,7,6.912,cukup,"BMKG,CMA,ECMWF,GFS,ICON,METEOFRANCE,UKMO",Hujan Ringan,82.6,Tinggi,22.39,+/-0.78,82.23,+/-10.23,1.52,+/-0.86,22.39,+/-0.78,13.2,0.0,0.0,43.4,14.5,28.9,0.78,10.23,0.86,0.78,7,1.0,8.57,60.0
gpm5,GPM5,2026-07-20,11.17.05.2002,Bale Redelong,provisional_catchment,yes,4.767312077178135,96.94566692384144,Asia/Jakarta,Forecast Redelong representative point. BMKG ADM4 reference: 11.17.05.2002 (Bale Redelong). Initial BMKG reference for catchment point Spatial role: provisional_catchment. Area analisis provisional; menunggu konfirmasi batas DAS resmi.,14:00,7,6.912,cukup,"BMKG,CMA,ECMWF,GFS,ICON,METEOFRANCE,UKMO",Hujan Sedang,81.8,Tinggi,21.97,+/-1.61,87.62,+/-8.2,2.93,+/-1.53,21.97,+/-1.61,0.0,0.0,0.0,42.1,43.4,14.5,1.61,8.2,1.53,1.61,7,1.0,8.57,60.0
gpm5,GPM5,2026-07-20,11.17.05.2002,Bale Redelong,provisional_catchment,yes,4.767312077178135,96.94566692384144,Asia/Jakarta,Forecast Redelong representative point. BMKG ADM4 reference: 11.17.05.2002 (Bale Redelong). Initial BMKG reference for catchment point Spatial role: provisional_catchment. Area analisis provisional; menunggu konfirmasi batas DAS resmi.,15:00,7,7.216,cukup,"BMKG,CMA,ECMWF,GFS,ICON,METEOFRANCE,UKMO",Hujan Ringan,86.7,Tinggi,21.35,+/-1.78,89.4,+/-8.34,2.45,+/-1.29,21.35,+/-1.78,0.0,0.0,0.0,58.4,27.7,13.9,1.78,8.34,1.29,1.78,7,1.0,0.0,0.0
gpm5,GPM5,2026-07-20,11.17.05.2002,Bale Redelong,provisional_catchment,yes,4.767312077178135,96.94566692384144,Asia/Jakarta,Forecast Redelong representative point. BMKG ADM4 reference: 11.17.05.2002 (Bale Redelong). Initial BMKG reference for catchment point Spatial role: provisional_catchment. Area analisis provisional; menunggu konfirmasi batas DAS resmi.,16:00,7,6.912,cukup,"BMKG,CMA,ECMWF,GFS,ICON,METEOFRANCE,UKMO",Hujan Ringan,81.8,Tinggi,20.94,+/-1.62,90.51,+/-7.28,2.05,+/-1.21,20.94,+/-1.62,0.0,0.0,14.5,42.1,28.9,14.5,1.62,7.28,1.21,1.62,7,1.0,8.57,60.0
gpm5,GPM5,2026-07-20,11.17.05.2002,Bale Redelong,provisional_catchment,yes,4.767312077178135,96.94566692384144,Asia/Jakarta,Forecast Redelong representative point. BMKG ADM4 reference: 11.17.05.2002 (Bale Redelong). Initial BMKG reference for catchment point Spatial role: provisional_catchment. Area analisis provisional; menunggu konfirmasi batas DAS resmi.,17:00,7,6.912,cukup,"BMKG,CMA,ECMWF,GFS,ICON,METEOFRANCE,UKMO",Hujan Ringan,86.3,Tinggi,20.1,+/-1.75,95.35,+/-2.06,1.1,+/-0.8,20.1,+/-1.75,0.0,13.2,0.0,57.9,14.5,14.5,1.75,2.06,0.8,1.75,7,1.0,8.57,60.0
gpm5,GPM5,2026-07-20,11.17.05.2002,Bale Redelong,provisional_catchment,yes,4.767312077178135,96.94566692384144,Asia/Jakarta,Forecast Redelong representative point. BMKG ADM4 reference: 11.17.05.2002 (Bale Redelong). Initial BMKG reference for catchment point Spatial role: provisional_catchment. Area analisis provisional; menunggu konfirmasi batas DAS resmi.,18:00,7,7.216,cukup,"BMKG,CMA,ECMWF,GFS,ICON,METEOFRANCE,UKMO",Hujan Ringan,90.5,Tinggi,19.5,+/-1.54,95.52,+/-2.18,0.6,+/-0.56,19.5,+/-1.54,0.0,16.9,13.9,69.3,0.0,0.0,1.54,2.18,0.56,1.54,7,1.0,0.0,0.0
gpm5,GPM5,2026-07-20,11.17.05.2002,Bale Redelong,provisional_catchment,yes,4.767312077178135,96.94566692384144,Asia/Jakarta,Forecast Redelong representative point. BMKG ADM4 reference: 11.17.05.2002 (Bale Redelong). Initial BMKG reference for catchment point Spatial role: provisional_catchment. Area analisis provisional; menunggu konfirmasi batas DAS resmi.,19:00,7,6.912,cukup,"BMKG,CMA,ECMWF,GFS,ICON,METEOFRANCE,UKMO",Hujan Ringan,90.5,Tinggi,19.01,+/-1.47,96.89,+/-1.71,0.45,+/-0.37,19.01,+/-1.47,0.0,13.2,14.5,72.3,0.0,0.0,1.47,1.71,0.37,1.47,7,1.0,8.57,60.0
gpm5,GPM5,2026-07-20,11.17.05.2002,Bale Redelong,provisional_catchment,yes,4.767312077178135,96.94566692384144,Asia/Jakarta,Forecast Redelong representative point. BMKG ADM4 reference: 11.17.05.2002 (Bale Redelong). Initial BMKG reference for catchment point Spatial role: provisional_catchment. Area analisis provisional; menunggu konfirmasi batas DAS resmi.,20:00,7,6.912,cukup,"BMKG,CMA,ECMWF,GFS,ICON,METEOFRANCE,UKMO",Berawan,83.3,Tinggi,18.55,+/-1.59,96.92,+/-2.71,0.06,+/-0.05,18.55,+/-1.59,0.0,13.2,43.4,43.4,0.0,0.0,1.59,2.71,0.05,1.59,7,1.0,8.57,60.0
gpm5,GPM5,2026-07-20,11.17.05.2002,Bale Redelong,provisional_catchment,yes,4.767312077178135,96.94566692384144,Asia/Jakarta,Forecast Redelong representative point. BMKG ADM4 reference: 11.17.05.2002 (Bale Redelong). Initial BMKG reference for catchment point Spatial role: provisional_catchment. Area analisis provisional; menunggu konfirmasi batas DAS resmi.,21:00,7,7.216,cukup,"BMKG,CMA,ECMWF,GFS,ICON,METEOFRANCE,UKMO",Berawan,83.9,Tinggi,18.25,+/-1.54,97.83,+/-2.41,0.08,+/-0.09,18.25,+/-1.54,0.0,16.9,41.6,41.6,0.0,0.0,1.54,2.41,0.09,1.54,7,1.0,0.0,0.0
gpm5,GPM5,2026-07-20,11.17.05.2002,Bale Redelong,provisional_catchment,yes,4.767312077178135,96.94566692384144,Asia/Jakarta,Forecast Redelong representative point. BMKG ADM4 reference: 11.17.05.2002 (Bale Redelong). Initial BMKG reference for catchment point Spatial role: provisional_catchment. Area analisis provisional; menunggu konfirmasi batas DAS resmi.,22:00,7,6.912,cukup,"BMKG,CMA,ECMWF,GFS,ICON,METEOFRANCE,UKMO",Berawan,90.7,Tinggi,18.27,+/-1.44,98.6,+/-1.85,0.02,+/-0.04,18.27,+/-1.44,0.0,13.2,72.3,14.5,0.0,0.0,1.44,1.85,0.04,1.44,7,1.0,8.57,60.0
gpm5,GPM5,2026-07-20,11.17.05.2002,Bale Redelong,provisional_catchment,yes,4.767312077178135,96.94566692384144,Asia/Jakarta,Forecast Redelong representative point. BMKG ADM4 reference: 11.17.05.2002 (Bale Redelong). Initial BMKG reference for catchment point Spatial role: provisional_catchment. Area analisis provisional; menunggu konfirmasi batas DAS resmi.,23:00,7,6.6688,cukup,"BMKG,CMA,ECMWF,GFS,ICON,METEOFRANCE,UKMO",Berawan,86.7,Tinggi,18.2,+/-1.44,96.8,+/-2.86,0.0,+/-0.0,18.2,+/-1.44,0.0,40.0,60.0,0.0,0.0,0.0,1.44,2.86,0.0,1.44,7,1.0,17.14,120.0
gpm5,GPM5,2026-07-21,11.17.05.2002,Bale Redelong,provisional_catchment,yes,4.767312077178135,96.94566692384144,Asia/Jakarta,Forecast Redelong representative point. BMKG ADM4 reference: 11.17.05.2002 (Bale Redelong). Initial BMKG reference for catchment point Spatial role: provisional_catchment. Area analisis provisional; menunggu konfirmasi batas DAS resmi.,00:00,7,7.2274,cukup,"BMKG,CMA,ECMWF,GFS,ICON,METEOFRANCE,UKMO",Cerah Berawan,88.3,Tinggi,17.69,+/-1.59,96.35,+/-2.14,0.0,+/-0.0,17.69,+/-1.59,0.0,58.5,41.5,0.0,0.0,0.0,1.59,2.14,0.0,1.59,7,1.0,0.0,0.0
gpm5,GPM5,2026-07-21,11.17.05.2002,Bale Redelong,provisional_catchment,yes,4.767312077178135,96.94566692384144,Asia/Jakarta,Forecast Redelong representative point. BMKG ADM4 reference: 11.17.05.2002 (Bale Redelong). Initial BMKG reference for catchment point Spatial role: provisional_catchment. Area analisis provisional; menunggu konfirmasi batas DAS resmi.,01:00,7,6.9205,cukup,"BMKG,CMA,ECMWF,GFS,ICON,METEOFRANCE,UKMO",Cerah Berawan,86.8,Tinggi,17.59,+/-1.55,96.02,+/-2.33,0.0,+/-0.0,17.59,+/-1.55,0.0,56.7,43.3,0.0,0.0,0.0,1.55,2.33,0.0,1.55,7,1.0,8.57,60.0
gpm5,GPM5,2026-07-21,11.17.05.2002,Bale Redelong,provisional_catchment,yes,4.767312077178135,96.94566692384144,Asia/Jakarta,Forecast Redelong representative point. BMKG ADM4 reference: 11.17.05.2002 (Bale Redelong). Initial BMKG reference for catchment point Spatial role: provisional_catchment. Area analisis provisional; menunggu konfirmasi batas DAS resmi.,02:00,7,6.9205,cukup,"BMKG,CMA,ECMWF,GFS,ICON,METEOFRANCE,UKMO",Cerah Berawan,86.7,Tinggi,17.37,+/-1.57,96.16,+/-2.3,0.0,+/-0.0,17.37,+/-1.57,0.0,56.7,43.3,0.0,0.0,0.0,1.57,2.3,0.0,1.57,7,1.0,8.57,60.0
gpm5,GPM5,2026-07-21,11.17.05.2002,Bale Redelong,provisional_catchment,yes,4.767312077178135,96.94566692384144,Asia/Jakarta,Forecast Redelong representative point. BMKG ADM4 reference: 11.17.05.2002 (Bale Redelong). Initial BMKG reference for catchment point Spatial role: provisional_catchment. Area analisis provisional; menunggu konfirmasi batas DAS resmi.,03:00,7,7.2274,cukup,"BMKG,CMA,ECMWF,GFS,ICON,METEOFRANCE,UKMO",Cerah Berawan,88.7,Tinggi,16.61,+/-0.76,96.25,+/-2.29,0.0,+/-0.0,16.61,+/-0.76,0.0,58.5,41.5,0.0,0.0,0.0,0.76,2.29,0.0,0.76,7,1.0,0.0,0.0
gpm5,GPM5,2026-07-21,11.17.05.2002,Bale Redelong,provisional_catchment,yes,4.767312077178135,96.94566692384144,Asia/Jakarta,Forecast Redelong representative point. BMKG ADM4 reference: 11.17.05.2002 (Bale Redelong). Initial BMKG reference for catchment point Spatial role: provisional_catchment. Area analisis provisional; menunggu konfirmasi batas DAS resmi.,04:00,7,6.9205,cukup,"BMKG,CMA,ECMWF,GFS,ICON,METEOFRANCE,UKMO",Cerah Berawan,87.1,Tinggi,16.56,+/-0.75,96.16,+/-2.54,0.0,+/-0.0,16.56,+/-0.75,0.0,56.7,43.3,0.0,0.0,0.0,0.75,2.54,0.0,0.75,7,1.0,8.57,60.0
gpm5,GPM5,2026-07-21,11.17.05.2002,Bale Redelong,provisional_catchment,yes,4.767312077178135,96.94566692384144,Asia/Jakarta,Forecast Redelong representative point. BMKG ADM4 reference: 11.17.05.2002 (Bale Redelong). Initial BMKG reference for catchment point Spatial role: provisional_catchment. Area analisis provisional; menunggu konfirmasi batas DAS resmi.,05:00,7,6.9205,cukup,"BMKG,CMA,ECMWF,GFS,ICON,METEOFRANCE,UKMO",Berawan,83.8,Tinggi,16.59,+/-0.66,95.77,+/-2.73,0.0,+/-0.0,16.59,+/-0.66,14.4,42.2,43.3,0.0,0.0,0.0,0.66,2.73,0.0,0.66,7,1.0,8.57,60.0
gpm5,GPM5,2026-07-21,11.17.05.2002,Bale Redelong,provisional_catchment,yes,4.767312077178135,96.94566692384144,Asia/Jakarta,Forecast Redelong representative point. BMKG ADM4 reference: 11.17.05.2002 (Bale Redelong). Initial BMKG reference for catchment point Spatial role: provisional_catchment. Area analisis provisional; menunggu konfirmasi batas DAS resmi.,06:00,7,7.2274,cukup,"BMKG,CMA,ECMWF,GFS,ICON,METEOFRANCE,UKMO",Cerah Berawan,84.8,Tinggi,17.07,+/-1.41,95.43,+/-2.59,0.0,+/-0.0,17.07,+/-1.41,13.8,44.7,41.5,0.0,0.0,0.0,1.41,2.59,0.0,1.41,7,1.0,0.0,0.0
gpm5,GPM5,2026-07-21,11.17.05.2002,Bale Redelong,provisional_catchment,yes,4.767312077178135,96.94566692384144,Asia/Jakarta,Forecast Redelong representative point. BMKG ADM4 reference: 11.17.05.2002 (Bale Redelong). Initial BMKG reference for catchment point Spatial role: provisional_catchment. Area analisis provisional; menunggu konfirmasi batas DAS resmi.,07:00,7,6.9205,cukup,"BMKG,CMA,ECMWF,GFS,ICON,METEOFRANCE,UKMO",Berawan,87.2,Tinggi,17.37,+/-1.28,94.76,+/-2.35,0.0,+/-0.0,17.37,+/-1.28,14.4,27.8,57.8,0.0,0.0,0.0,1.28,2.35,0.0,1.28,7,1.0,8.57,60.0
gpm5,GPM5,2026-07-21,11.17.05.2002,Bale Redelong,provisional_catchment,yes,4.767312077178135,96.94566692384144,Asia/Jakarta,Forecast Redelong representative point. BMKG ADM4 reference: 11.17.05.2002 (Bale Redelong). Initial BMKG reference for catchment point Spatial role: provisional_catchment. Area analisis provisional; menunggu konfirmasi batas DAS resmi.,08:00,7,6.9205,cukup,"BMKG,CMA,ECMWF,GFS,ICON,METEOFRANCE,UKMO",Berawan,83.7,Tinggi,19.74,+/-0.97,90.33,+/-2.69,0.0,+/-0.0,19.74,+/-0.97,14.4,42.2,43.3,0.0,0.0,0.0,0.97,2.69,0.0,0.97,7,1.0,8.57,60.0
gpm5,GPM5,2026-07-21,11.17.05.2002,Bale Redelong,provisional_catchment,yes,4.767312077178135,96.94566692384144,Asia/Jakarta,Forecast Redelong representative point. BMKG ADM4 reference: 11.17.05.2002 (Bale Redelong). Initial BMKG reference for catchment point Spatial role: provisional_catchment. Area analisis provisional; menunggu konfirmasi batas DAS resmi.,09:00,7,7.2274,cukup,"BMKG,CMA,ECMWF,GFS,ICON,METEOFRANCE,UKMO",Cerah Berawan,85.3,Tinggi,21.02,+/-0.17,80.95,+/-5.25,0.0,+/-0.0,21.02,+/-0.17,13.8,44.7,41.5,0.0,0.0,0.0,0.17,5.25,0.0,0.17,7,1.0,0.0,0.0
gpm5,GPM5,2026-07-21,11.17.05.2002,Bale Redelong,provisional_catchment,yes,4.767312077178135,96.94566692384144,Asia/Jakarta,Forecast Redelong representative point. BMKG ADM4 reference: 11.17.05.2002 (Bale Redelong). Initial BMKG reference for catchment point Spatial role: provisional_catchment. Area analisis provisional; menunggu konfirmasi batas DAS resmi.,10:00,7,6.9205,cukup,"BMKG,CMA,ECMWF,GFS,ICON,METEOFRANCE,UKMO",Berawan,87.5,Tinggi,22.07,+/-0.11,76.01,+/-6.43,0.0,+/-0.0,22.07,+/-0.11,0.0,42.2,57.8,0.0,0.0,0.0,0.11,6.43,0.0,0.11,7,1.0,8.57,60.0
gpm5,GPM5,2026-07-21,11.17.05.2002,Bale Redelong,provisional_catchment,yes,4.767312077178135,96.94566692384144,Asia/Jakarta,Forecast Redelong representative point. BMKG ADM4 reference: 11.17.05.2002 (Bale Redelong). Initial BMKG reference for catchment point Spatial role: provisional_catchment. Area analisis provisional; menunggu konfirmasi batas DAS resmi.,11:00,7,6.9205,cukup,"BMKG,CMA,ECMWF,GFS,ICON,METEOFRANCE,UKMO",Hujan Ringan,90.0,Tinggi,23.29,+/-1.02,73.91,+/-9.52,0.57,+/-0.44,23.29,+/-1.02,13.3,0.0,14.4,72.2,0.0,0.0,1.02,9.52,0.44,1.02,7,1.0,8.57,60.0
gpm5,GPM5,2026-07-21,11.17.05.2002,Bale Redelong,provisional_catchment,yes,4.767312077178135,96.94566692384144,Asia/Jakarta,Forecast Redelong representative point. BMKG ADM4 reference: 11.17.05.2002 (Bale Redelong). Initial BMKG reference for catchment point Spatial role: provisional_catchment. Area analisis provisional; menunggu konfirmasi batas DAS resmi.,12:00,7,7.2274,cukup,"BMKG,CMA,ECMWF,GFS,ICON,METEOFRANCE,UKMO",Hujan Ringan,90.2,Tinggi,22.81,+/-1.18,78.86,+/-10.66,0.93,+/-0.41,22.81,+/-1.18,17.0,0.0,0.0,69.2,0.0,13.8,1.18,10.66,0.41,1.18,7,1.0,0.0,0.0
gpm5,GPM5,2026-07-21,11.17.05.2002,Bale Redelong,provisional_catchment,yes,4.767312077178135,96.94566692384144,Asia/Jakarta,Forecast Redelong representative point. BMKG ADM4 reference: 11.17.05.2002 (Bale Redelong). Initial BMKG reference for catchment point Spatial role: provisional_catchment. Area analisis provisional; menunggu konfirmasi batas DAS resmi.,13:00,7,6.9205,cukup,"BMKG,CMA,ECMWF,GFS,ICON,METEOFRANCE,UKMO",Hujan Ringan,90.4,Tinggi,22.38,+/-1.29,88.5,+/-3.55,1.2,+/-0.44,22.38,+/-1.29,13.3,0.0,0.0,72.2,0.0,14.4,1.29,3.55,0.44,1.29,7,1.0,8.57,60.0
gpm5,GPM5,2026-07-21,11.17.05.2002,Bale Redelong,provisional_catchment,yes,4.767312077178135,96.94566692384144,Asia/Jakarta,Forecast Redelong representative point. BMKG ADM4 reference: 11.17.05.2002 (Bale Redelong). Initial BMKG reference for catchment point Spatial role: provisional_catchment. Area analisis provisional; menunggu konfirmasi batas DAS resmi.,14:00,7,6.9205,cukup,"BMKG,CMA,ECMWF,GFS,ICON,METEOFRANCE,UKMO",Hujan Ringan,82.3,Tinggi,21.97,+/-1.06,86.96,+/-9.34,2.42,+/-1.16,21.97,+/-1.06,0.0,13.3,0.0,43.3,14.4,28.9,1.06,9.34,1.16,1.06,7,1.0,8.57,60.0
gpm5,GPM5,2026-07-21,11.17.05.2002,Bale Redelong,provisional_catchment,yes,4.767312077178135,96.94566692384144,Asia/Jakarta,Forecast Redelong representative point. BMKG ADM4 reference: 11.17.05.2002 (Bale Redelong). Initial BMKG reference for catchment point Spatial role: provisional_catchment. Area analisis provisional; menunggu konfirmasi batas DAS resmi.,15:00,7,7.2274,cukup,"BMKG,CMA,ECMWF,GFS,ICON,METEOFRANCE,UKMO",Hujan Ringan,83.1,Tinggi,21.76,+/-0.84,91.33,+/-4.27,2.75,+/-1.51,21.76,+/-0.84,0.0,17.0,0.0,41.5,13.8,27.7,0.84,4.27,1.51,0.84,7,1.0,0.0,0.0
gpm5,GPM5,2026-07-21,11.17.05.2002,Bale Redelong,provisional_catchment,yes,4.767312077178135,96.94566692384144,Asia/Jakarta,Forecast Redelong representative point. BMKG ADM4 reference: 11.17.05.2002 (Bale Redelong). Initial BMKG reference for catchment point Spatial role: provisional_catchment. Area analisis provisional; menunggu konfirmasi batas DAS resmi.,16:00,7,6.9205,cukup,"BMKG,CMA,ECMWF,GFS,ICON,METEOFRANCE,UKMO",Hujan Ringan,82.7,Tinggi,21.52,+/-0.8,92.17,+/-4.88,2.5,+/-1.18,21.52,+/-0.8,0.0,13.3,0.0,43.3,28.9,14.4,0.8,4.88,1.18,0.8,7,1.0,8.57,60.0
gpm5,GPM5,2026-07-21,11.17.05.2002,Bale Redelong,provisional_catchment,yes,4.767312077178135,96.94566692384144,Asia/Jakarta,Forecast Redelong representative point. BMKG ADM4 reference: 11.17.05.2002 (Bale Redelong). Initial BMKG reference for catchment point Spatial role: provisional_catchment. Area analisis provisional; menunggu konfirmasi batas DAS resmi.,17:00,7,6.9205,cukup,"BMKG,CMA,ECMWF,GFS,ICON,METEOFRANCE,UKMO",Hujan Ringan,90.6,Tinggi,20.71,+/-1.06,93.17,+/-4.07,0.86,+/-0.27,20.71,+/-1.06,13.3,0.0,0.0,72.2,0.0,14.4,1.06,4.07,0.27,1.06,7,1.0,8.57,60.0
gpm5,GPM5,2026-07-21,11.17.05.2002,Bale Redelong,provisional_catchment,yes,4.767312077178135,96.94566692384144,Asia/Jakarta,Forecast Redelong representative point. BMKG ADM4 reference: 11.17.05.2002 (Bale Redelong). Initial BMKG reference for catchment point Spatial role: provisional_catchment. Area analisis provisional; menunggu konfirmasi batas DAS resmi.,18:00,7,7.2274,cukup,"BMKG,CMA,ECMWF,GFS,ICON,METEOFRANCE,UKMO",Hujan Ringan,94.4,Tinggi,20.16,+/-1.02,94.46,+/-3.34,0.8,+/-0.26,20.16,+/-1.02,17.0,0.0,0.0,83.0,0.0,0.0,1.02,3.34,0.26,1.02,7,1.0,0.0,0.0
gpm5,GPM5,2026-07-21,11.17.05.2002,Bale Redelong,provisional_catchment,yes,4.767312077178135,96.94566692384144,Asia/Jakarta,Forecast Redelong representative point. BMKG ADM4 reference: 11.17.05.2002 (Bale Redelong). Initial BMKG reference for catchment point Spatial role: provisional_catchment. Area analisis provisional; menunggu konfirmasi batas DAS resmi.,19:00,7,6.9205,cukup,"BMKG,CMA,ECMWF,GFS,ICON,METEOFRANCE,UKMO",Hujan Ringan,90.5,Tinggi,19.52,+/-1.18,95.62,+/-2.99,0.72,+/-0.4,19.52,+/-1.18,13.3,0.0,14.4,72.2,0.0,0.0,1.18,2.99,0.4,1.18,7,1.0,8.57,60.0
gpm5,GPM5,2026-07-21,11.17.05.2002,Bale Redelong,provisional_catchment,yes,4.767312077178135,96.94566692384144,Asia/Jakarta,Forecast Redelong representative point. BMKG ADM4 reference: 11.17.05.2002 (Bale Redelong). Initial BMKG reference for catchment point Spatial role: provisional_catchment. Area analisis provisional; menunggu konfirmasi batas DAS resmi.,20:00,7,6.9205,cukup,"BMKG,CMA,ECMWF,GFS,ICON,METEOFRANCE,UKMO",Hujan Ringan,83.6,Tinggi,18.33,+/-0.8,97.42,+/-2.33,0.22,+/-0.25,18.33,+/-0.8,13.3,14.4,28.9,43.3,0.0,0.0,0.8,2.33,0.25,0.8,7,1.0,8.57,60.0
gpm5,GPM5,2026-07-21,11.17.05.2002,Bale Redelong,provisional_catchment,yes,4.767312077178135,96.94566692384144,Asia/Jakarta,Forecast Redelong representative point. BMKG ADM4 reference: 11.17.05.2002 (Bale Redelong). Initial BMKG reference for catchment point Spatial role: provisional_catchment. Area analisis provisional; menunggu konfirmasi batas DAS resmi.,21:00,7,7.2274,cukup,"BMKG,CMA,ECMWF,GFS,ICON,METEOFRANCE,UKMO",Berawan,80.9,Tinggi,18.0,+/-0.68,97.31,+/-1.56,0.12,+/-0.19,18.0,+/-0.68,17.0,27.7,27.7,27.7,0.0,0.0,0.68,1.56,0.19,0.68,7,1.0,0.0,0.0
gpm5,GPM5,2026-07-21,11.17.05.2002,Bale Redelong,provisional_catchment,yes,4.767312077178135,96.94566692384144,Asia/Jakarta,Forecast Redelong representative point. BMKG ADM4 reference: 11.17.05.2002 (Bale Redelong). Initial BMKG reference for catchment point Spatial role: provisional_catchment. Area analisis provisional; menunggu konfirmasi batas DAS resmi.,22:00,7,6.9205,cukup,"BMKG,CMA,ECMWF,GFS,ICON,METEOFRANCE,UKMO",Hujan Ringan,83.5,Tinggi,18.21,+/-1.18,96.99,+/-1.61,0.17,+/-0.19,18.21,+/-1.18,27.8,0.0,28.9,43.3,0.0,0.0,1.18,1.61,0.19,1.18,7,1.0,8.57,60.0
gpm5,GPM5,2026-07-21,11.17.05.2002,Bale Redelong,provisional_catchment,yes,4.767312077178135,96.94566692384144,Asia/Jakarta,Forecast Redelong representative point. BMKG ADM4 reference: 11.17.05.2002 (Bale Redelong). Initial BMKG reference for catchment point Spatial role: provisional_catchment. Area analisis provisional; menunggu konfirmasi batas DAS resmi.,23:00,7,6.6751,cukup,"BMKG,CMA,ECMWF,GFS,ICON,METEOFRANCE,UKMO",Hujan Ringan,83.1,Tinggi,17.99,+/-1.12,96.8,+/-2.06,0.08,+/-0.12,17.99,+/-1.12,25.1,30.0,0.0,44.9,0.0,0.0,1.12,2.06,0.12,1.12,7,1.0,17.14,120.0
gpm5,GPM5,2026-07-22,11.17.05.2002,Bale Redelong,provisional_catchment,yes,4.767312077178135,96.94566692384144,Asia/Jakarta,Forecast Redelong representative point. BMKG ADM4 reference: 11.17.05.2002 (Bale Redelong). Initial BMKG reference for catchment point Spatial role: provisional_catchment. Area analisis provisional; menunggu konfirmasi batas DAS resmi.,00:00,6,6.0,cukup,"CMA,ECMWF,GFS,ICON,METEOFRANCE,UKMO",Hujan Ringan,77.1,Sedang,17.88,+/-1.11,96.0,+/-2.65,0.08,+/-0.11,17.88,+/-1.11,16.7,16.7,16.7,50.0,0.0,0.0,1.11,2.65,0.11,1.11,7,0.8571,0.0,0.0
gpm5,GPM5,2026-07-22,11.17.05.2002,Bale Redelong,provisional_catchment,yes,4.767312077178135,96.94566692384144,Asia/Jakarta,Forecast Redelong representative point. BMKG ADM4 reference: 11.17.05.2002 (Bale Redelong). Initial BMKG reference for catchment point Spatial role: provisional_catchment. Area analisis provisional; menunggu konfirmasi batas DAS resmi.,01:00,6,6.0,cukup,"CMA,ECMWF,GFS,ICON,METEOFRANCE,UKMO",Hujan Ringan,72.9,Sedang,17.62,+/-1.1,96.17,+/-2.41,0.07,+/-0.11,17.62,+/-1.1,33.3,16.7,16.7,33.3,0.0,0.0,1.1,2.41,0.11,1.1,7,0.8571,0.0,0.0
gpm5,GPM5,2026-07-22,11.17.05.2002,Bale Redelong,provisional_catchment,yes,4.767312077178135,96.94566692384144,Asia/Jakarta,Forecast Redelong representative point. BMKG ADM4 reference: 11.17.05.2002 (Bale Redelong). Initial BMKG reference for catchment point Spatial role: provisional_catchment. Area analisis provisional; menunggu konfirmasi batas DAS resmi.,02:00,6,6.0,cukup,"CMA,ECMWF,GFS,ICON,METEOFRANCE,UKMO",Cerah Berawan,81.4,Tinggi,17.33,+/-1.06,96.33,+/-2.21,0.0,+/-0.0,17.33,+/-1.06,0.0,66.7,33.3,0.0,0.0,0.0,1.06,2.21,0.0,1.06,7,0.8571,0.0,0.0
gpm5,GPM5,2026-07-22,11.17.05.2002,Bale Redelong,provisional_catchment,yes,4.767312077178135,96.94566692384144,Asia/Jakarta,Forecast Redelong representative point. BMKG ADM4 reference: 11.17.05.2002 (Bale Redelong). Initial BMKG reference for catchment point Spatial role: provisional_catchment. Area analisis provisional; menunggu konfirmasi batas DAS resmi.,03:00,6,6.0,cukup,"CMA,ECMWF,GFS,ICON,METEOFRANCE,UKMO",Berawan,77.5,Sedang,16.68,+/-0.65,96.67,+/-1.6,0.0,+/-0.0,16.68,+/-0.65,0.0,50.0,50.0,0.0,0.0,0.0,0.65,1.6,0.0,0.65,7,0.8571,0.0,0.0
gpm5,GPM5,2026-07-22,11.17.05.2002,Bale Redelong,provisional_catchment,yes,4.767312077178135,96.94566692384144,Asia/Jakarta,Forecast Redelong representative point. BMKG ADM4 reference: 11.17.05.2002 (Bale Redelong). Initial BMKG reference for catchment point Spatial role: provisional_catchment. Area analisis provisional; menunggu konfirmasi batas DAS resmi.,04:00,6,6.0,cukup,"CMA,ECMWF,GFS,ICON,METEOFRANCE,UKMO",Berawan,77.5,Sedang,16.52,+/-0.68,96.67,+/-1.25,0.0,+/-0.0,16.52,+/-0.68,16.7,33.3,50.0,0.0,0.0,0.0,0.68,1.25,0.0,0.68,7,0.8571,0.0,0.0
gpm5,GPM5,2026-07-22,11.17.05.2002,Bale Redelong,provisional_catchment,yes,4.767312077178135,96.94566692384144,Asia/Jakarta,Forecast Redelong representative point. BMKG ADM4 reference: 11.17.05.2002 (Bale Redelong). Initial BMKG reference for catchment point Spatial role: provisional_catchment. Area analisis provisional; menunggu konfirmasi batas DAS resmi.,05:00,6,6.0,cukup,"CMA,ECMWF,GFS,ICON,METEOFRANCE,UKMO",Cerah Berawan,77.2,Sedang,16.78,+/-1.17,96.5,+/-2.06,0.0,+/-0.0,16.78,+/-1.17,16.7,50.0,33.3,0.0,0.0,0.0,1.17,2.06,0.0,1.17,7,0.8571,0.0,0.0
gpm5,GPM5,2026-07-22,11.17.05.2002,Bale Redelong,provisional_catchment,yes,4.767312077178135,96.94566692384144,Asia/Jakarta,Forecast Redelong representative point. BMKG ADM4 reference: 11.17.05.2002 (Bale Redelong). Initial BMKG reference for catchment point Spatial role: provisional_catchment. Area analisis provisional; menunggu konfirmasi batas DAS resmi.,06:00,6,6.0,cukup,"CMA,ECMWF,GFS,ICON,METEOFRANCE,UKMO",Cerah Berawan,77.1,Sedang,16.72,+/-1.25,96.0,+/-2.58,0.0,+/-0.0,16.72,+/-1.25,16.7,50.0,33.3,0.0,0.0,0.0,1.25,2.58,0.0,1.25,7,0.8571,0.0,0.0
gpm5,GPM5,2026-07-22,11.17.05.2002,Bale Redelong,provisional_catchment,yes,4.767312077178135,96.94566692384144,Asia/Jakarta,Forecast Redelong representative point. BMKG ADM4 reference: 11.17.05.2002 (Bale Redelong). Initial BMKG reference for catchment point Spatial role: provisional_catchment. Area analisis provisional; menunggu konfirmasi batas DAS resmi.,07:00,6,6.0,cukup,"CMA,ECMWF,GFS,ICON,METEOFRANCE,UKMO",Cerah Berawan,77.1,Sedang,17.25,+/-1.3,95.0,+/-1.9,0.0,+/-0.0,17.25,+/-1.3,16.7,50.0,33.3,0.0,0.0,0.0,1.3,1.9,0.0,1.3,7,0.8571,0.0,0.0
gpm5,GPM5,2026-07-22,11.17.05.2002,Bale Redelong,provisional_catchment,yes,4.767312077178135,96.94566692384144,Asia/Jakarta,Forecast Redelong representative point. BMKG ADM4 reference: 11.17.05.2002 (Bale Redelong). Initial BMKG reference for catchment point Spatial role: provisional_catchment. Area analisis provisional; menunggu konfirmasi batas DAS resmi.,08:00,6,6.0,cukup,"CMA,ECMWF,GFS,ICON,METEOFRANCE,UKMO",Cerah Berawan,77.0,Sedang,19.1,+/-1.27,88.33,+/-3.77,0.0,+/-0.0,19.1,+/-1.27,16.7,50.0,33.3,0.0,0.0,0.0,1.27,3.77,0.0,1.27,7,0.8571,0.0,0.0
gpm5,GPM5,2026-07-22,11.17.05.2002,Bale Redelong,provisional_catchment,yes,4.767312077178135,96.94566692384144,Asia/Jakarta,Forecast Redelong representative point. BMKG ADM4 reference: 11.17.05.2002 (Bale Redelong). Initial BMKG reference for catchment point Spatial role: provisional_catchment. Area analisis provisional; menunggu konfirmasi batas DAS resmi.,09:00,6,6.0,cukup,"CMA,ECMWF,GFS,ICON,METEOFRANCE,UKMO",Cerah Berawan,85.4,Tinggi,21.4,+/-1.04,79.17,+/-4.52,0.0,+/-0.0,21.4,+/-1.04,16.7,83.3,0.0,0.0,0.0,0.0,1.04,4.52,0.0,1.04,7,0.8571,0.0,0.0
gpm5,GPM5,2026-07-22,11.17.05.2002,Bale Redelong,provisional_catchment,yes,4.767312077178135,96.94566692384144,Asia/Jakarta,Forecast Redelong representative point. BMKG ADM4 reference: 11.17.05.2002 (Bale Redelong). Initial BMKG reference for catchment point Spatial role: provisional_catchment. Area analisis provisional; menunggu konfirmasi batas DAS resmi.,10:00,6,6.0,cukup,"CMA,ECMWF,GFS,ICON,METEOFRANCE,UKMO",Cerah Berawan,85.3,Tinggi,23.22,+/-0.89,72.5,+/-7.21,0.0,+/-0.0,23.22,+/-0.89,0.0,83.3,16.7,0.0,0.0,0.0,0.89,7.21,0.0,0.89,7,0.8571,0.0,0.0
gpm5,GPM5,2026-07-22,11.17.05.2002,Bale Redelong,provisional_catchment,yes,4.767312077178135,96.94566692384144,Asia/Jakarta,Forecast Redelong representative point. BMKG ADM4 reference: 11.17.05.2002 (Bale Redelong). Initial BMKG reference for catchment point Spatial role: provisional_catchment. Area analisis provisional; menunggu konfirmasi batas DAS resmi.,11:00,6,6.0,cukup,"CMA,ECMWF,GFS,ICON,METEOFRANCE,UKMO",Cerah Berawan,76.1,Sedang,24.27,+/-1.0,68.5,+/-10.63,0.45,+/-0.71,24.27,+/-1.0,0.0,50.0,16.7,33.3,0.0,0.0,1.0,10.63,0.71,1.0,7,0.8571,0.0,0.0
gpm5,GPM5,2026-07-22,11.17.05.2002,Bale Redelong,provisional_catchment,yes,4.767312077178135,96.94566692384144,Asia/Jakarta,Forecast Redelong representative point. BMKG ADM4 reference: 11.17.05.2002 (Bale Redelong). Initial BMKG reference for catchment point Spatial role: provisional_catchment. Area analisis provisional; menunggu konfirmasi batas DAS resmi.,12:00,6,6.0,cukup,"CMA,ECMWF,GFS,ICON,METEOFRANCE,UKMO",Cerah Berawan,72.2,Sedang,25.14,+/-0.81,68.5,+/-14.8,0.05,+/-0.09,25.14,+/-0.81,0.0,33.3,16.7,33.3,0.0,16.7,0.81,14.8,0.09,0.81,7,0.8571,0.0,0.0
gpm5,GPM5,2026-07-22,11.17.05.2002,Bale Redelong,provisional_catchment,yes,4.767312077178135,96.94566692384144,Asia/Jakarta,Forecast Redelong representative point. BMKG ADM4 reference: 11.17.05.2002 (Bale Redelong). Initial BMKG reference for catchment point Spatial role: provisional_catchment. Area analisis provisional; menunggu konfirmasi batas DAS resmi.,13:00,6,6.0,cukup,"CMA,ECMWF,GFS,ICON,METEOFRANCE,UKMO",Hujan Ringan,75.1,Sedang,24.42,+/-1.91,71.33,+/-18.2,0.65,+/-0.64,24.45,+/-1.97,0.0,16.7,16.7,50.0,0.0,16.7,1.91,18.2,0.64,1.97,7,0.8571,0.0,0.0
gpm5,GPM5,2026-07-22,11.17.05.2002,Bale Redelong,provisional_catchment,yes,4.767312077178135,96.94566692384144,Asia/Jakarta,Forecast Redelong representative point. BMKG ADM4 reference: 11.17.05.2002 (Bale Redelong). Initial BMKG reference for catchment point Spatial role: provisional_catchment. Area analisis provisional; menunggu konfirmasi batas DAS resmi.,14:00,6,6.0,cukup,"CMA,ECMWF,GFS,ICON,METEOFRANCE,UKMO",Hujan Ringan,74.7,Sedang,24.02,+/-1.77,74.67,+/-16.82,1.65,+/-1.42,24.02,+/-1.77,0.0,0.0,0.0,50.0,16.7,33.3,1.77,16.82,1.42,1.77,7,0.8571,0.0,0.0
gpm5,GPM5,2026-07-22,11.17.05.2002,Bale Redelong,provisional_catchment,yes,4.767312077178135,96.94566692384144,Asia/Jakarta,Forecast Redelong representative point. BMKG ADM4 reference: 11.17.05.2002 (Bale Redelong). Initial BMKG reference for catchment point Spatial role: provisional_catchment. Area analisis provisional; menunggu konfirmasi batas DAS resmi.,15:00,6,6.0,cukup,"CMA,ECMWF,GFS,ICON,METEOFRANCE,UKMO",Hujan Ringan,75.2,Sedang,23.08,+/-1.35,80.33,+/-12.94,1.67,+/-1.4,23.08,+/-1.35,0.0,0.0,0.0,50.0,16.7,33.3,1.35,12.94,1.4,1.35,7,0.8571,0.0,0.0
gpm5,GPM5,2026-07-22,11.17.05.2002,Bale Redelong,provisional_catchment,yes,4.767312077178135,96.94566692384144,Asia/Jakarta,Forecast Redelong representative point. BMKG ADM4 reference: 11.17.05.2002 (Bale Redelong). Initial BMKG reference for catchment point Spatial role: provisional_catchment. Area analisis provisional; menunggu konfirmasi batas DAS resmi.,16:00,6,6.0,cukup,"CMA,ECMWF,GFS,ICON,METEOFRANCE,UKMO",Hujan Ringan,75.5,Sedang,22.25,+/-1.13,85.17,+/-10.09,1.68,+/-1.39,22.25,+/-1.13,0.0,0.0,0.0,50.0,33.3,16.7,1.13,10.09,1.39,1.13,7,0.8571,0.0,0.0
gpm5,GPM5,2026-07-22,11.17.05.2002,Bale Redelong,provisional_catchment,yes,4.767312077178135,96.94566692384144,Asia/Jakarta,Forecast Redelong representative point. BMKG ADM4 reference: 11.17.05.2002 (Bale Redelong). Initial BMKG reference for catchment point Spatial role: provisional_catchment. Area analisis provisional; menunggu konfirmasi batas DAS resmi.,17:00,6,6.0,cukup,"CMA,ECMWF,GFS,ICON,METEOFRANCE,UKMO",Hujan Ringan,81.0,Tinggi,21.43,+/-0.94,89.5,+/-6.63,0.34,+/-0.1,21.43,+/-0.94,0.0,0.0,16.7,66.7,16.7,0.0,0.94,6.63,0.1,0.94,7,0.8571,0.0,0.0
gpm5,GPM5,2026-07-22,11.17.05.2002,Bale Redelong,provisional_catchment,yes,4.767312077178135,96.94566692384144,Asia/Jakarta,Forecast Redelong representative point. BMKG ADM4 reference: 11.17.05.2002 (Bale Redelong). Initial BMKG reference for catchment point Spatial role: provisional_catchment. Area analisis provisional; menunggu konfirmasi batas DAS resmi.,18:00,6,6.0,cukup,"CMA,ECMWF,GFS,ICON,METEOFRANCE,UKMO",Hujan Ringan,81.2,Tinggi,20.53,+/-0.95,93.17,+/-3.89,0.4,+/-0.18,20.53,+/-0.95,0.0,0.0,16.7,66.7,16.7,0.0,0.95,3.89,0.18,0.95,7,0.8571,0.0,0.0
gpm5,GPM5,2026-07-22,11.17.05.2002,Bale Redelong,provisional_catchment,yes,4.767312077178135,96.94566692384144,Asia/Jakarta,Forecast Redelong representative point. BMKG ADM4 reference: 11.17.05.2002 (Bale Redelong). Initial BMKG reference for catchment point Spatial role: provisional_catchment. Area analisis provisional; menunggu konfirmasi batas DAS resmi.,19:00,6,6.0,cukup,"CMA,ECMWF,GFS,ICON,METEOFRANCE,UKMO",Hujan Ringan,81.2,Tinggi,19.9,+/-1.03,94.83,+/-3.53,0.32,+/-0.1,19.9,+/-1.03,0.0,0.0,16.7,66.7,16.7,0.0,1.03,3.53,0.1,1.03,7,0.8571,0.0,0.0
gpm5,GPM5,2026-07-22,11.17.05.2002,Bale Redelong,provisional_catchment,yes,4.767312077178135,96.94566692384144,Asia/Jakarta,Forecast Redelong representative point. BMKG ADM4 reference: 11.17.05.2002 (Bale Redelong). Initial BMKG reference for catchment point Spatial role: provisional_catchment. Area analisis provisional; menunggu konfirmasi batas DAS resmi.,20:00,6,6.0,cukup,"CMA,ECMWF,GFS,ICON,METEOFRANCE,UKMO",Hujan Ringan,76.7,Sedang,19.35,+/-1.17,95.5,+/-3.3,0.48,+/-0.54,19.35,+/-1.17,16.7,33.3,0.0,50.0,0.0,0.0,1.17,3.3,0.54,1.17,7,0.8571,0.0,0.0
gpm5,GPM5,2026-07-22,11.17.05.2002,Bale Redelong,provisional_catchment,yes,4.767312077178135,96.94566692384144,Asia/Jakarta,Forecast Redelong representative point. BMKG ADM4 reference: 11.17.05.2002 (Bale Redelong). Initial BMKG reference for catchment point Spatial role: provisional_catchment. Area analisis provisional; menunggu konfirmasi batas DAS resmi.,21:00,6,6.0,cukup,"CMA,ECMWF,GFS,ICON,METEOFRANCE,UKMO",Hujan Ringan,77.3,Sedang,18.34,+/-0.57,95.17,+/-3.24,0.05,+/-0.09,18.34,+/-0.57,16.7,33.3,0.0,50.0,0.0,0.0,0.57,3.24,0.09,0.57,7,0.8571,0.0,0.0
gpm5,GPM5,2026-07-22,11.17.05.2002,Bale Redelong,provisional_catchment,yes,4.767312077178135,96.94566692384144,Asia/Jakarta,Forecast Redelong representative point. BMKG ADM4 reference: 11.17.05.2002 (Bale Redelong). Initial BMKG reference for catchment point Spatial role: provisional_catchment. Area analisis provisional; menunggu konfirmasi batas DAS resmi.,22:00,6,6.0,cukup,"CMA,ECMWF,GFS,ICON,METEOFRANCE,UKMO",Hujan Ringan,72.7,Sedang,17.86,+/-0.67,94.83,+/-3.62,0.4,+/-0.57,17.86,+/-0.67,16.7,33.3,16.7,33.3,0.0,0.0,0.67,3.62,0.57,0.67,7,0.8571,0.0,0.0
gpm5,GPM5,2026-07-22,11.17.05.2002,Bale Redelong,provisional_catchment,yes,4.767312077178135,96.94566692384144,Asia/Jakarta,Forecast Redelong representative point. BMKG ADM4 reference: 11.17.05.2002 (Bale Redelong). Initial BMKG reference for catchment point Spatial role: provisional_catchment. Area analisis provisional; menunggu konfirmasi batas DAS resmi.,23:00,6,6.0,cukup,"CMA,ECMWF,GFS,ICON,METEOFRANCE,UKMO",Cerah Berawan,77.4,Sedang,17.77,+/-0.28,94.67,+/-3.86,0.03,+/-0.07,17.77,+/-0.28,16.7,50.0,16.7,16.7,0.0,0.0,0.28,3.86,0.07,0.28,7,0.8571,0.0,0.0
gpm6,GPM6,2026-07-19,11.17.05.2002,Bale Redelong,provisional_catchment,yes,4.796061970712406,97.0098682419131,Asia/Jakarta,Forecast Redelong representative point. BMKG ADM4 reference: 11.17.05.2002 (Bale Redelong). Initial BMKG reference for catchment point Spatial role: provisional_catchment. Area analisis provisional; menunggu konfirmasi batas DAS resmi.,00:00,6,6.0,cukup,"CMA,ECMWF,GFS,ICON,METEOFRANCE,UKMO",Hujan Ringan,77.0,Sedang,15.62,+/-1.17,97.17,+/-1.67,0.25,+/-0.28,15.62,+/-1.17,0.0,33.3,16.7,50.0,0.0,0.0,1.17,1.67,0.28,1.17,7,0.8571,0.0,0.0
gpm6,GPM6,2026-07-19,11.17.05.2002,Bale Redelong,provisional_catchment,yes,4.796061970712406,97.0098682419131,Asia/Jakarta,Forecast Redelong representative point. BMKG ADM4 reference: 11.17.05.2002 (Bale Redelong). Initial BMKG reference for catchment point Spatial role: provisional_catchment. Area analisis provisional; menunggu konfirmasi batas DAS resmi.,01:00,6,6.0,cukup,"CMA,ECMWF,GFS,ICON,METEOFRANCE,UKMO",Hujan Ringan,77.0,Sedang,15.28,+/-1.38,96.67,+/-2.05,0.1,+/-0.13,15.28,+/-1.38,0.0,16.7,33.3,50.0,0.0,0.0,1.38,2.05,0.13,1.38,7,0.8571,0.0,0.0
gpm6,GPM6,2026-07-19,11.17.05.2002,Bale Redelong,provisional_catchment,yes,4.796061970712406,97.0098682419131,Asia/Jakarta,Forecast Redelong representative point. BMKG ADM4 reference: 11.17.05.2002 (Bale Redelong). Initial BMKG reference for catchment point Spatial role: provisional_catchment. Area analisis provisional; menunggu konfirmasi batas DAS resmi.,02:00,6,6.0,cukup,"CMA,ECMWF,GFS,ICON,METEOFRANCE,UKMO",Berawan,77.3,Sedang,14.46,+/-0.64,96.17,+/-2.19,0.13,+/-0.22,14.46,+/-0.64,16.7,0.0,50.0,33.3,0.0,0.0,0.64,2.19,0.22,0.64,7,0.8571,0.0,0.0
gpm6,GPM6,2026-07-19,11.17.05.2002,Bale Redelong,provisional_catchment,yes,4.796061970712406,97.0098682419131,Asia/Jakarta,Forecast Redelong representative point. BMKG ADM4 reference: 11.17.05.2002 (Bale Redelong). Initial BMKG reference for catchment point Spatial role: provisional_catchment. Area analisis provisional; menunggu konfirmasi batas DAS resmi.,03:00,6,6.0,cukup,"CMA,ECMWF,GFS,ICON,METEOFRANCE,UKMO",Berawan,77.0,Sedang,14.82,+/-1.4,95.83,+/-2.11,0.07,+/-0.09,14.82,+/-1.4,16.7,0.0,50.0,33.3,0.0,0.0,1.4,2.11,0.09,1.4,7,0.8571,0.0,0.0
gpm6,GPM6,2026-07-19,11.17.05.2002,Bale Redelong,provisional_catchment,yes,4.796061970712406,97.0098682419131,Asia/Jakarta,Forecast Redelong representative point. BMKG ADM4 reference: 11.17.05.2002 (Bale Redelong). Initial BMKG reference for catchment point Spatial role: provisional_catchment. Area analisis provisional; menunggu konfirmasi batas DAS resmi.,04:00,6,6.0,cukup,"CMA,ECMWF,GFS,ICON,METEOFRANCE,UKMO",Cerah Berawan,77.0,Sedang,14.68,+/-1.37,95.17,+/-2.03,0.05,+/-0.08,14.68,+/-1.37,0.0,50.0,16.7,33.3,0.0,0.0,1.37,2.03,0.08,1.37,7,0.8571,0.0,0.0
gpm6,GPM6,2026-07-19,11.17.05.2002,Bale Redelong,provisional_catchment,yes,4.796061970712406,97.0098682419131,Asia/Jakarta,Forecast Redelong representative point. BMKG ADM4 reference: 11.17.05.2002 (Bale Redelong). Initial BMKG reference for catchment point Spatial role: provisional_catchment. Area analisis provisional; menunggu konfirmasi batas DAS resmi.,05:00,6,6.0,cukup,"CMA,ECMWF,GFS,ICON,METEOFRANCE,UKMO",Cerah Berawan,81.5,Tinggi,14.06,+/-0.74,95.0,+/-2.94,0.0,+/-0.0,14.06,+/-0.74,16.7,66.7,16.7,0.0,0.0,0.0,0.74,2.94,0.0,0.74,7,0.8571,0.0,0.0
gpm6,GPM6,2026-07-19,11.17.05.2002,Bale Redelong,provisional_catchment,yes,4.796061970712406,97.0098682419131,Asia/Jakarta,Forecast Redelong representative point. BMKG ADM4 reference: 11.17.05.2002 (Bale Redelong). Initial BMKG reference for catchment point Spatial role: provisional_catchment. Area analisis provisional; menunggu konfirmasi batas DAS resmi.,06:00,6,6.0,cukup,"CMA,ECMWF,GFS,ICON,METEOFRANCE,UKMO",Cerah Berawan,77.5,Sedang,14.57,+/-0.25,94.33,+/-3.9,0.0,+/-0.0,14.57,+/-0.25,33.3,50.0,16.7,0.0,0.0,0.0,0.25,3.9,0.0,0.25,7,0.8571,0.0,0.0
gpm6,GPM6,2026-07-19,11.17.05.2002,Bale Redelong,provisional_catchment,yes,4.796061970712406,97.0098682419131,Asia/Jakarta,Forecast Redelong representative point. BMKG ADM4 reference: 11.17.05.2002 (Bale Redelong). Initial BMKG reference for catchment point Spatial role: provisional_catchment. Area analisis provisional; menunggu konfirmasi batas DAS resmi.,07:00,6,6.0,cukup,"CMA,ECMWF,GFS,ICON,METEOFRANCE,UKMO",Berawan,77.0,Sedang,14.93,+/-1.13,93.67,+/-5.02,0.0,+/-0.0,14.93,+/-1.13,16.7,33.3,50.0,0.0,0.0,0.0,1.13,5.02,0.0,1.13,7,0.8571,0.0,0.0
gpm6,GPM6,2026-07-19,11.17.05.2002,Bale Redelong,provisional_catchment,yes,4.796061970712406,97.0098682419131,Asia/Jakarta,Forecast Redelong representative point. BMKG ADM4 reference: 11.17.05.2002 (Bale Redelong). Initial BMKG reference for catchment point Spatial role: provisional_catchment. Area analisis provisional; menunggu konfirmasi batas DAS resmi.,08:00,6,6.0,cukup,"CMA,ECMWF,GFS,ICON,METEOFRANCE,UKMO",Berawan,85.7,Tinggi,16.5,+/-0.24,91.17,+/-5.27,0.02,+/-0.04,16.5,+/-0.24,0.0,0.0,83.3,16.7,0.0,0.0,0.24,5.27,0.04,0.24,7,0.8571,0.0,0.0
gpm6,GPM6,2026-07-19,11.17.05.2002,Bale Redelong,provisional_catchment,yes,4.796061970712406,97.0098682419131,Asia/Jakarta,Forecast Redelong representative point. BMKG ADM4 reference: 11.17.05.2002 (Bale Redelong). Initial BMKG reference for catchment point Spatial role: provisional_catchment. Area analisis provisional; menunggu konfirmasi batas DAS resmi.,09:00,6,6.0,cukup,"CMA,ECMWF,GFS,ICON,METEOFRANCE,UKMO",Berawan,81.9,Tinggi,18.06,+/-0.29,83.75,+/-0.43,0.02,+/-0.04,18.06,+/-0.29,0.0,16.7,66.7,16.7,0.0,0.0,0.29,0.43,0.04,0.29,7,0.8571,0.0,0.0
gpm6,GPM6,2026-07-19,11.17.05.2002,Bale Redelong,provisional_catchment,yes,4.796061970712406,97.0098682419131,Asia/Jakarta,Forecast Redelong representative point. BMKG ADM4 reference: 11.17.05.2002 (Bale Redelong). Initial BMKG reference for catchment point Spatial role: provisional_catchment. Area analisis provisional; menunggu konfirmasi batas DAS resmi.,10:00,6,6.0,cukup,"CMA,ECMWF,GFS,ICON,METEOFRANCE,UKMO",Berawan,77.3,Sedang,19.3,+/-0.24,79.5,+/-5.25,0.05,+/-0.08,19.3,+/-0.24,0.0,16.7,50.0,33.3,0.0,0.0,0.24,5.25,0.08,0.24,7,0.8571,0.0,0.0
gpm6,GPM6,2026-07-19,11.17.05.2002,Bale Redelong,provisional_catchment,yes,4.796061970712406,97.0098682419131,Asia/Jakarta,Forecast Redelong representative point. BMKG ADM4 reference: 11.17.05.2002 (Bale Redelong). Initial BMKG reference for catchment point Spatial role: provisional_catchment. Area analisis provisional; menunggu konfirmasi batas DAS resmi.,11:00,6,6.0,cukup,"CMA,ECMWF,GFS,ICON,METEOFRANCE,UKMO",Hujan Ringan,77.0,Sedang,20.02,+/-0.66,76.17,+/-7.06,0.05,+/-0.09,20.02,+/-0.66,0.0,33.3,16.7,50.0,0.0,0.0,0.66,7.06,0.09,0.66,7,0.8571,0.0,0.0
gpm6,GPM6,2026-07-19,11.17.05.2002,Bale Redelong,provisional_catchment,yes,4.796061970712406,97.0098682419131,Asia/Jakarta,Forecast Redelong representative point. BMKG ADM4 reference: 11.17.05.2002 (Bale Redelong). Initial BMKG reference for catchment point Spatial role: provisional_catchment. Area analisis provisional; menunggu konfirmasi batas DAS resmi.,12:00,7,6.6868,cukup,"BMKG,CMA,ECMWF,GFS,ICON,METEOFRANCE,UKMO",Hujan Ringan,92.2,Tinggi,19.58,+/-1.3,80.84,+/-10.7,0.48,+/-0.47,19.58,+/-1.3,0.0,0.0,15.0,85.0,0.0,0.0,1.3,10.7,0.47,1.3,7,1.0,25.71,180.0
gpm6,GPM6,2026-07-19,11.17.05.2002,Bale Redelong,provisional_catchment,yes,4.796061970712406,97.0098682419131,Asia/Jakarta,Forecast Redelong representative point. BMKG ADM4 reference: 11.17.05.2002 (Bale Redelong). Initial BMKG reference for catchment point Spatial role: provisional_catchment. Area analisis provisional; menunggu konfirmasi batas DAS resmi.,13:00,7,6.6868,cukup,"BMKG,CMA,ECMWF,GFS,ICON,METEOFRANCE,UKMO",Hujan Ringan,88.9,Tinggi,18.51,+/-0.51,89.43,+/-5.67,1.57,+/-0.92,18.51,+/-0.51,0.0,0.0,0.0,70.1,15.0,15.0,0.51,5.67,0.92,0.51,7,1.0,17.14,120.0
gpm6,GPM6,2026-07-19,11.17.05.2002,Bale Redelong,provisional_catchment,yes,4.796061970712406,97.0098682419131,Asia/Jakarta,Forecast Redelong representative point. BMKG ADM4 reference: 11.17.05.2002 (Bale Redelong). Initial BMKG reference for catchment point Spatial role: provisional_catchment. Area analisis provisional; menunggu konfirmasi batas DAS resmi.,14:00,7,6.9366,cukup,"BMKG,CMA,ECMWF,GFS,ICON,METEOFRANCE,UKMO",Hujan Sedang,82.4,Tinggi,18.37,+/-0.53,88.95,+/-9.52,3.15,+/-1.32,18.37,+/-0.53,0.0,0.0,0.0,27.9,43.2,28.8,0.53,9.52,1.32,0.53,7,1.0,8.57,60.0
gpm6,GPM6,2026-07-19,11.17.05.2002,Bale Redelong,provisional_catchment,yes,4.796061970712406,97.0098682419131,Asia/Jakarta,Forecast Redelong representative point. BMKG ADM4 reference: 11.17.05.2002 (Bale Redelong). Initial BMKG reference for catchment point Spatial role: provisional_catchment. Area analisis provisional; menunggu konfirmasi batas DAS resmi.,15:00,7,7.2488,cukup,"BMKG,CMA,ECMWF,GFS,ICON,METEOFRANCE,UKMO",Hujan Sedang,84.0,Tinggi,18.81,+/-1.01,90.97,+/-4.86,3.4,+/-0.21,18.81,+/-1.01,0.0,0.0,0.0,31.0,41.4,27.6,1.01,4.86,0.21,1.01,7,1.0,0.0,0.0
gpm6,GPM6,2026-07-19,11.17.05.2002,Bale Redelong,provisional_catchment,yes,4.796061970712406,97.0098682419131,Asia/Jakarta,Forecast Redelong representative point. BMKG ADM4 reference: 11.17.05.2002 (Bale Redelong). Initial BMKG reference for catchment point Spatial role: provisional_catchment. Area analisis provisional; menunggu konfirmasi batas DAS resmi.,16:00,7,6.9366,cukup,"BMKG,CMA,ECMWF,GFS,ICON,METEOFRANCE,UKMO",Hujan Ringan,81.5,Tinggi,18.25,+/-1.13,93.28,+/-2.83,3.82,+/-2.6,18.25,+/-1.13,0.0,0.0,0.0,42.3,28.8,28.8,1.13,2.83,2.6,1.13,7,1.0,8.57,60.0
gpm6,GPM6,2026-07-19,11.17.05.2002,Bale Redelong,provisional_catchment,yes,4.796061970712406,97.0098682419131,Asia/Jakarta,Forecast Redelong representative point. BMKG ADM4 reference: 11.17.05.2002 (Bale Redelong). Initial BMKG reference for catchment point Spatial role: provisional_catchment. Area analisis provisional; menunggu konfirmasi batas DAS resmi.,17:00,7,6.9366,cukup,"BMKG,CMA,ECMWF,GFS,ICON,METEOFRANCE,UKMO",Hujan Ringan,86.5,Tinggi,17.9,+/-0.89,93.83,+/-3.53,1.6,+/-1.09,17.9,+/-0.89,0.0,0.0,13.5,57.7,14.4,14.4,0.89,3.53,1.09,0.89,7,1.0,8.57,60.0
gpm6,GPM6,2026-07-19,11.17.05.2002,Bale Redelong,provisional_catchment,yes,4.796061970712406,97.0098682419131,Asia/Jakarta,Forecast Redelong representative point. BMKG ADM4 reference: 11.17.05.2002 (Bale Redelong). Initial BMKG reference for catchment point Spatial role: provisional_catchment. Area analisis provisional; menunggu konfirmasi batas DAS resmi.,18:00,7,7.2488,cukup,"BMKG,CMA,ECMWF,GFS,ICON,METEOFRANCE,UKMO",Hujan Ringan,90.7,Tinggi,16.68,+/-0.17,95.62,+/-1.06,1.95,+/-1.34,16.68,+/-0.17,0.0,0.0,17.2,69.0,13.8,0.0,0.17,1.06,1.34,0.17,7,1.0,0.0,0.0
gpm6,GPM6,2026-07-19,11.17.05.2002,Bale Redelong,provisional_catchment,yes,4.796061970712406,97.0098682419131,Asia/Jakarta,Forecast Redelong representative point. BMKG ADM4 reference: 11.17.05.2002 (Bale Redelong). Initial BMKG reference for catchment point Spatial role: provisional_catchment. Area analisis provisional; menunggu konfirmasi batas DAS resmi.,19:00,7,6.9366,cukup,"BMKG,CMA,ECMWF,GFS,ICON,METEOFRANCE,UKMO",Hujan Ringan,90.3,Tinggi,16.66,+/-1.38,96.71,+/-1.17,0.97,+/-0.7,16.66,+/-1.38,0.0,0.0,27.9,72.1,0.0,0.0,1.38,1.17,0.7,1.38,7,1.0,8.57,60.0
gpm6,GPM6,2026-07-19,11.17.05.2002,Bale Redelong,provisional_catchment,yes,4.796061970712406,97.0098682419131,Asia/Jakarta,Forecast Redelong representative point. BMKG ADM4 reference: 11.17.05.2002 (Bale Redelong). Initial BMKG reference for catchment point Spatial role: provisional_catchment. Area analisis provisional; menunggu konfirmasi batas DAS resmi.,20:00,7,6.9366,cukup,"BMKG,CMA,ECMWF,GFS,ICON,METEOFRANCE,UKMO",Berawan,83.3,Tinggi,16.34,+/-1.29,97.29,+/-1.39,0.43,+/-0.43,16.34,+/-1.29,13.5,0.0,43.2,43.2,0.0,0.0,1.29,1.39,0.43,1.29,7,1.0,8.57,60.0
gpm6,GPM6,2026-07-19,11.17.05.2002,Bale Redelong,provisional_catchment,yes,4.796061970712406,97.0098682419131,Asia/Jakarta,Forecast Redelong representative point. BMKG ADM4 reference: 11.17.05.2002 (Bale Redelong). Initial BMKG reference for catchment point Spatial role: provisional_catchment. Area analisis provisional; menunggu konfirmasi batas DAS resmi.,21:00,7,7.2488,cukup,"BMKG,CMA,ECMWF,GFS,ICON,METEOFRANCE,UKMO",Berawan,84.5,Tinggi,15.88,+/-0.7,97.0,+/-1.05,0.1,+/-0.13,15.88,+/-0.7,17.2,0.0,41.4,41.4,0.0,0.0,0.7,1.05,0.13,0.7,7,1.0,0.0,0.0
gpm6,GPM6,2026-07-19,11.17.05.2002,Bale Redelong,provisional_catchment,yes,4.796061970712406,97.0098682419131,Asia/Jakarta,Forecast Redelong representative point. BMKG ADM4 reference: 11.17.05.2002 (Bale Redelong). Initial BMKG reference for catchment point Spatial role: provisional_catchment. Area analisis provisional; menunggu konfirmasi batas DAS resmi.,22:00,7,6.9366,cukup,"BMKG,CMA,ECMWF,GFS,ICON,METEOFRANCE,UKMO",Berawan,87.2,Tinggi,16.12,+/-1.26,96.57,+/-1.41,0.08,+/-0.12,16.12,+/-1.26,13.5,0.0,57.7,28.8,0.0,0.0,1.26,1.41,0.12,1.26,7,1.0,8.57,60.0
gpm6,GPM6,2026-07-19,11.17.05.2002,Bale Redelong,provisional_catchment,yes,4.796061970712406,97.0098682419131,Asia/Jakarta,Forecast Redelong representative point. BMKG ADM4 reference: 11.17.05.2002 (Bale Redelong). Initial BMKG reference for catchment point Spatial role: provisional_catchment. Area analisis provisional; menunggu konfirmasi batas DAS resmi.,23:00,7,6.6868,cukup,"BMKG,CMA,ECMWF,GFS,ICON,METEOFRANCE,UKMO",Berawan,90.6,Tinggi,15.74,+/-1.43,96.25,+/-1.78,0.02,+/-0.04,15.74,+/-1.43,10.3,0.0,74.8,15.0,0.0,0.0,1.43,1.78,0.04,1.43,7,1.0,17.14,120.0
gpm6,GPM6,2026-07-20,11.17.05.2002,Bale Redelong,provisional_catchment,yes,4.796061970712406,97.0098682419131,Asia/Jakarta,Forecast Redelong representative point. BMKG ADM4 reference: 11.17.05.2002 (Bale Redelong). Initial BMKG reference for catchment point Spatial role: provisional_catchment. Area analisis provisional; menunggu konfirmasi batas DAS resmi.,00:00,7,7.216,cukup,"BMKG,CMA,ECMWF,GFS,ICON,METEOFRANCE,UKMO",Berawan,87.5,Tinggi,15.42,+/-1.4,96.14,+/-2.2,0.05,+/-0.08,15.42,+/-1.4,0.0,16.9,55.4,27.7,0.0,0.0,1.4,2.2,0.08,1.4,7,1.0,0.0,0.0
gpm6,GPM6,2026-07-20,11.17.05.2002,Bale Redelong,provisional_catchment,yes,4.796061970712406,97.0098682419131,Asia/Jakarta,Forecast Redelong representative point. BMKG ADM4 reference: 11.17.05.2002 (Bale Redelong). Initial BMKG reference for catchment point Spatial role: provisional_catchment. Area analisis provisional; menunggu konfirmasi batas DAS resmi.,01:00,7,6.912,cukup,"BMKG,CMA,ECMWF,GFS,ICON,METEOFRANCE,UKMO",Berawan,87.0,Tinggi,15.2,+/-1.43,96.14,+/-2.25,0.12,+/-0.19,15.2,+/-1.43,0.0,13.2,57.9,28.9,0.0,0.0,1.43,2.25,0.19,1.43,7,1.0,8.57,60.0
gpm6,GPM6,2026-07-20,11.17.05.2002,Bale Redelong,provisional_catchment,yes,4.796061970712406,97.0098682419131,Asia/Jakarta,Forecast Redelong representative point. BMKG ADM4 reference: 11.17.05.2002 (Bale Redelong). Initial BMKG reference for catchment point Spatial role: provisional_catchment. Area analisis provisional; menunggu konfirmasi batas DAS resmi.,02:00,7,6.912,cukup,"BMKG,CMA,ECMWF,GFS,ICON,METEOFRANCE,UKMO",Hujan Ringan,86.8,Tinggi,14.93,+/-1.44,96.55,+/-2.45,0.3,+/-0.41,14.93,+/-1.44,0.0,14.5,27.7,57.9,0.0,0.0,1.44,2.45,0.41,1.44,7,1.0,8.57,60.0
gpm6,GPM6,2026-07-20,11.17.05.2002,Bale Redelong,provisional_catchment,yes,4.796061970712406,97.0098682419131,Asia/Jakarta,Forecast Redelong representative point. BMKG ADM4 reference: 11.17.05.2002 (Bale Redelong). Initial BMKG reference for catchment point Spatial role: provisional_catchment. Area analisis provisional; menunggu konfirmasi batas DAS resmi.,03:00,7,7.216,cukup,"BMKG,CMA,ECMWF,GFS,ICON,METEOFRANCE,UKMO",Hujan Ringan,87.4,Tinggi,14.52,+/-0.65,96.34,+/-1.67,0.67,+/-0.76,14.52,+/-0.65,13.9,0.0,30.7,55.4,0.0,0.0,0.65,1.67,0.76,0.65,7,1.0,0.0,0.0
gpm6,GPM6,2026-07-20,11.17.05.2002,Bale Redelong,provisional_catchment,yes,4.796061970712406,97.0098682419131,Asia/Jakarta,Forecast Redelong representative point. BMKG ADM4 reference: 11.17.05.2002 (Bale Redelong). Initial BMKG reference for catchment point Spatial role: provisional_catchment. Area analisis provisional; menunggu konfirmasi batas DAS resmi.,04:00,7,6.912,cukup,"BMKG,CMA,ECMWF,GFS,ICON,METEOFRANCE,UKMO",Hujan Ringan,86.6,Tinggi,14.84,+/-1.46,96.26,+/-1.58,0.67,+/-0.76,14.84,+/-1.46,14.5,0.0,27.7,57.9,0.0,0.0,1.46,1.58,0.76,1.46,7,1.0,8.57,60.0
gpm6,GPM6,2026-07-20,11.17.05.2002,Bale Redelong,provisional_catchment,yes,4.796061970712406,97.0098682419131,Asia/Jakarta,Forecast Redelong representative point. BMKG ADM4 reference: 11.17.05.2002 (Bale Redelong). Initial BMKG reference for catchment point Spatial role: provisional_catchment. Area analisis provisional; menunggu konfirmasi batas DAS resmi.,05:00,7,6.912,cukup,"BMKG,CMA,ECMWF,GFS,ICON,METEOFRANCE,UKMO",Hujan Ringan,86.8,Tinggi,14.9,+/-1.52,95.3,+/-1.99,0.32,+/-0.32,14.9,+/-1.52,14.5,13.2,14.5,57.9,0.0,0.0,1.52,1.99,0.32,1.52,7,1.0,8.57,60.0
gpm6,GPM6,2026-07-20,11.17.05.2002,Bale Redelong,provisional_catchment,yes,4.796061970712406,97.0098682419131,Asia/Jakarta,Forecast Redelong representative point. BMKG ADM4 reference: 11.17.05.2002 (Bale Redelong). Initial BMKG reference for catchment point Spatial role: provisional_catchment. Area analisis provisional; menunggu konfirmasi batas DAS resmi.,06:00,7,7.216,cukup,"BMKG,CMA,ECMWF,GFS,ICON,METEOFRANCE,UKMO",Hujan Ringan,87.4,Tinggi,14.95,+/-1.45,94.83,+/-2.5,0.1,+/-0.11,14.95,+/-1.45,13.9,16.9,13.9,55.4,0.0,0.0,1.45,2.5,0.11,1.45,7,1.0,0.0,0.0
gpm6,GPM6,2026-07-20,11.17.05.2002,Bale Redelong,provisional_catchment,yes,4.796061970712406,97.0098682419131,Asia/Jakarta,Forecast Redelong representative point. BMKG ADM4 reference: 11.17.05.2002 (Bale Redelong). Initial BMKG reference for catchment point Spatial role: provisional_catchment. Area analisis provisional; menunggu konfirmasi batas DAS resmi.,07:00,7,6.912,cukup,"BMKG,CMA,ECMWF,GFS,ICON,METEOFRANCE,UKMO",Hujan Ringan,83.4,Tinggi,15.2,+/-1.19,93.86,+/-3.46,0.08,+/-0.12,15.2,+/-1.19,14.5,13.2,28.9,43.4,0.0,0.0,1.19,3.46,0.12,1.19,7,1.0,8.57,60.0
gpm6,GPM6,2026-07-20,11.17.05.2002,Bale Redelong,provisional_catchment,yes,4.796061970712406,97.0098682419131,Asia/Jakarta,Forecast Redelong representative point. BMKG ADM4 reference: 11.17.05.2002 (Bale Redelong). Initial BMKG reference for catchment point Spatial role: provisional_catchment. Area analisis provisional; menunggu konfirmasi batas DAS resmi.,08:00,7,6.912,cukup,"BMKG,CMA,ECMWF,GFS,ICON,METEOFRANCE,UKMO",Hujan Ringan,83.6,Tinggi,16.3,+/-0.37,90.3,+/-5.81,0.15,+/-0.16,16.3,+/-0.37,27.7,0.0,28.9,43.4,0.0,0.0,0.37,5.81,0.16,0.37,7,1.0,8.57,60.0
gpm6,GPM6,2026-07-20,11.17.05.2002,Bale Redelong,provisional_catchment,yes,4.796061970712406,97.0098682419131,Asia/Jakarta,Forecast Redelong representative point. BMKG ADM4 reference: 11.17.05.2002 (Bale Redelong). Initial BMKG reference for catchment point Spatial role: provisional_catchment. Area analisis provisional; menunggu konfirmasi batas DAS resmi.,09:00,7,7.216,cukup,"BMKG,CMA,ECMWF,GFS,ICON,METEOFRANCE,UKMO",Hujan Ringan,84.0,Tinggi,18.52,+/-1.44,86.67,+/-1.7,0.12,+/-0.16,18.52,+/-1.44,30.7,0.0,27.7,41.6,0.0,0.0,1.44,1.7,0.16,1.44,7,1.0,0.0,0.0
gpm6,GPM6,2026-07-20,11.17.05.2002,Bale Redelong,provisional_catchment,yes,4.796061970712406,97.0098682419131,Asia/Jakarta,Forecast Redelong representative point. BMKG ADM4 reference: 11.17.05.2002 (Bale Redelong). Initial BMKG reference for catchment point Spatial role: provisional_catchment. Area analisis provisional; menunggu konfirmasi batas DAS resmi.,10:00,7,6.912,cukup,"BMKG,CMA,ECMWF,GFS,ICON,METEOFRANCE,UKMO",Hujan Ringan,87.0,Tinggi,19.34,+/-1.26,83.21,+/-3.24,0.16,+/-0.14,19.34,+/-1.26,13.2,14.5,14.5,57.9,0.0,0.0,1.26,3.24,0.14,1.26,7,1.0,8.57,60.0
gpm6,GPM6,2026-07-20,11.17.05.2002,Bale Redelong,provisional_catchment,yes,4.796061970712406,97.0098682419131,Asia/Jakarta,Forecast Redelong representative point. BMKG ADM4 reference: 11.17.05.2002 (Bale Redelong). Initial BMKG reference for catchment point Spatial role: provisional_catchment. Area analisis provisional; menunggu konfirmasi batas DAS resmi.,11:00,7,6.912,cukup,"BMKG,CMA,ECMWF,GFS,ICON,METEOFRANCE,UKMO",Hujan Ringan,86.0,Tinggi,20.44,+/-1.88,79.62,+/-7.91,0.68,+/-0.57,20.44,+/-1.88,13.2,0.0,14.5,57.9,0.0,14.5,1.88,7.91,0.57,1.88,7,1.0,8.57,60.0
gpm6,GPM6,2026-07-20,11.17.05.2002,Bale Redelong,provisional_catchment,yes,4.796061970712406,97.0098682419131,Asia/Jakarta,Forecast Redelong representative point. BMKG ADM4 reference: 11.17.05.2002 (Bale Redelong). Initial BMKG reference for catchment point Spatial role: provisional_catchment. Area analisis provisional; menunggu konfirmasi batas DAS resmi.,12:00,7,7.216,cukup,"BMKG,CMA,ECMWF,GFS,ICON,METEOFRANCE,UKMO",Hujan Ringan,90.1,Tinggi,20.48,+/-2.1,87.6,+/-3.38,1.05,+/-0.67,20.48,+/-2.1,16.9,0.0,0.0,69.3,0.0,13.9,2.1,3.38,0.67,2.1,7,1.0,0.0,0.0
gpm6,GPM6,2026-07-20,11.17.05.2002,Bale Redelong,provisional_catchment,yes,4.796061970712406,97.0098682419131,Asia/Jakarta,Forecast Redelong representative point. BMKG ADM4 reference: 11.17.05.2002 (Bale Redelong). Initial BMKG reference for catchment point Spatial role: provisional_catchment. Area analisis provisional; menunggu konfirmasi batas DAS resmi.,13:00,7,6.912,cukup,"BMKG,CMA,ECMWF,GFS,ICON,METEOFRANCE,UKMO",Hujan Ringan,81.8,Tinggi,20.37,+/-2.11,84.25,+/-10.95,1.48,+/-0.88,20.37,+/-2.11,13.2,0.0,0.0,43.4,14.5,28.9,2.11,10.95,0.88,2.11,7,1.0,8.57,60.0
gpm6,GPM6,2026-07-20,11.17.05.2002,Bale Redelong,provisional_catchment,yes,4.796061970712406,97.0098682419131,Asia/Jakarta,Forecast Redelong representative point. BMKG ADM4 reference: 11.17.05.2002 (Bale Redelong). Initial BMKG reference for catchment point Spatial role: provisional_catchment. Area analisis provisional; menunggu konfirmasi batas DAS resmi.,14:00,7,6.912,cukup,"BMKG,CMA,ECMWF,GFS,ICON,METEOFRANCE,UKMO",Hujan Sedang,81.5,Tinggi,19.5,+/-1.95,88.77,+/-8.98,2.92,+/-1.55,19.5,+/-1.95,0.0,0.0,0.0,42.1,43.4,14.5,1.95,8.98,1.55,1.95,7,1.0,8.57,60.0
gpm6,GPM6,2026-07-20,11.17.05.2002,Bale Redelong,provisional_catchment,yes,4.796061970712406,97.0098682419131,Asia/Jakarta,Forecast Redelong representative point. BMKG ADM4 reference: 11.17.05.2002 (Bale Redelong). Initial BMKG reference for catchment point Spatial role: provisional_catchment. Area analisis provisional; menunggu konfirmasi batas DAS resmi.,15:00,7,7.216,cukup,"BMKG,CMA,ECMWF,GFS,ICON,METEOFRANCE,UKMO",Hujan Ringan,86.5,Tinggi,19.06,+/-2.03,89.54,+/-8.47,2.37,+/-1.32,19.06,+/-2.03,0.0,0.0,0.0,58.4,27.7,13.9,2.03,8.47,1.32,2.03,7,1.0,0.0,0.0
gpm6,GPM6,2026-07-20,11.17.05.2002,Bale Redelong,provisional_catchment,yes,4.796061970712406,97.0098682419131,Asia/Jakarta,Forecast Redelong representative point. BMKG ADM4 reference: 11.17.05.2002 (Bale Redelong). Initial BMKG reference for catchment point Spatial role: provisional_catchment. Area analisis provisional; menunggu konfirmasi batas DAS resmi.,16:00,7,6.912,cukup,"BMKG,CMA,ECMWF,GFS,ICON,METEOFRANCE,UKMO",Hujan Ringan,81.9,Tinggi,18.7,+/-1.76,92.8,+/-4.36,1.85,+/-1.23,18.7,+/-1.76,0.0,0.0,14.5,42.1,28.9,14.5,1.76,4.36,1.23,1.76,7,1.0,8.57,60.0
gpm6,GPM6,2026-07-20,11.17.05.2002,Bale Redelong,provisional_catchment,yes,4.796061970712406,97.0098682419131,Asia/Jakarta,Forecast Redelong representative point. BMKG ADM4 reference: 11.17.05.2002 (Bale Redelong). Initial BMKG reference for catchment point Spatial role: provisional_catchment. Area analisis provisional; menunggu konfirmasi batas DAS resmi.,17:00,7,6.912,cukup,"BMKG,CMA,ECMWF,GFS,ICON,METEOFRANCE,UKMO",Hujan Ringan,86.6,Tinggi,17.99,+/-1.21,94.68,+/-2.07,1.02,+/-0.85,17.99,+/-1.21,0.0,13.2,0.0,57.9,14.5,14.5,1.21,2.07,0.85,1.21,7,1.0,8.57,60.0
gpm6,GPM6,2026-07-20,11.17.05.2002,Bale Redelong,provisional_catchment,yes,4.796061970712406,97.0098682419131,Asia/Jakarta,Forecast Redelong representative point. BMKG ADM4 reference: 11.17.05.2002 (Bale Redelong). Initial BMKG reference for catchment point Spatial role: provisional_catchment. Area analisis provisional; menunggu konfirmasi batas DAS resmi.,18:00,7,7.216,cukup,"BMKG,CMA,ECMWF,GFS,ICON,METEOFRANCE,UKMO",Hujan Ringan,90.7,Tinggi,17.43,+/-1.23,95.39,+/-2.18,0.6,+/-0.56,17.43,+/-1.23,0.0,16.9,13.9,69.3,0.0,0.0,1.23,2.18,0.56,1.23,7,1.0,0.0,0.0
gpm6,GPM6,2026-07-20,11.17.05.2002,Bale Redelong,provisional_catchment,yes,4.796061970712406,97.0098682419131,Asia/Jakarta,Forecast Redelong representative point. BMKG ADM4 reference: 11.17.05.2002 (Bale Redelong). Initial BMKG reference for catchment point Spatial role: provisional_catchment. Area analisis provisional; menunggu konfirmasi batas DAS resmi.,19:00,7,6.912,cukup,"BMKG,CMA,ECMWF,GFS,ICON,METEOFRANCE,UKMO",Hujan Ringan,90.4,Tinggi,16.73,+/-1.49,96.75,+/-1.82,0.45,+/-0.37,16.73,+/-1.49,0.0,13.2,14.5,72.3,0.0,0.0,1.49,1.82,0.37,1.49,7,1.0,8.57,60.0
gpm6,GPM6,2026-07-20,11.17.05.2002,Bale Redelong,provisional_catchment,yes,4.796061970712406,97.0098682419131,Asia/Jakarta,Forecast Redelong representative point. BMKG ADM4 reference: 11.17.05.2002 (Bale Redelong). Initial BMKG reference for catchment point Spatial role: provisional_catchment. Area analisis provisional; menunggu konfirmasi batas DAS resmi.,20:00,7,6.912,cukup,"BMKG,CMA,ECMWF,GFS,ICON,METEOFRANCE,UKMO",Berawan,83.4,Tinggi,16.26,+/-1.49,96.92,+/-2.71,0.06,+/-0.05,16.26,+/-1.49,0.0,13.2,43.4,43.4,0.0,0.0,1.49,2.71,0.05,1.49,7,1.0,8.57,60.0
gpm6,GPM6,2026-07-20,11.17.05.2002,Bale Redelong,provisional_catchment,yes,4.796061970712406,97.0098682419131,Asia/Jakarta,Forecast Redelong representative point. BMKG ADM4 reference: 11.17.05.2002 (Bale Redelong). Initial BMKG reference for catchment point Spatial role: provisional_catchment. Area analisis provisional; menunggu konfirmasi batas DAS resmi.,21:00,7,7.216,cukup,"BMKG,CMA,ECMWF,GFS,ICON,METEOFRANCE,UKMO",Berawan,83.9,Tinggi,16.02,+/-1.52,97.83,+/-2.41,0.08,+/-0.09,16.02,+/-1.52,0.0,16.9,41.6,41.6,0.0,0.0,1.52,2.41,0.09,1.52,7,1.0,0.0,0.0
gpm6,GPM6,2026-07-20,11.17.05.2002,Bale Redelong,provisional_catchment,yes,4.796061970712406,97.0098682419131,Asia/Jakarta,Forecast Redelong representative point. BMKG ADM4 reference: 11.17.05.2002 (Bale Redelong). Initial BMKG reference for catchment point Spatial role: provisional_catchment. Area analisis provisional; menunggu konfirmasi batas DAS resmi.,22:00,7,6.912,cukup,"BMKG,CMA,ECMWF,GFS,ICON,METEOFRANCE,UKMO",Berawan,90.7,Tinggi,15.91,+/-1.47,98.6,+/-1.85,0.02,+/-0.04,15.91,+/-1.47,0.0,13.2,72.3,14.5,0.0,0.0,1.47,1.85,0.04,1.47,7,1.0,8.57,60.0
gpm6,GPM6,2026-07-20,11.17.05.2002,Bale Redelong,provisional_catchment,yes,4.796061970712406,97.0098682419131,Asia/Jakarta,Forecast Redelong representative point. BMKG ADM4 reference: 11.17.05.2002 (Bale Redelong). Initial BMKG reference for catchment point Spatial role: provisional_catchment. Area analisis provisional; menunggu konfirmasi batas DAS resmi.,23:00,7,6.6688,cukup,"BMKG,CMA,ECMWF,GFS,ICON,METEOFRANCE,UKMO",Berawan,86.7,Tinggi,15.74,+/-1.52,96.65,+/-3.07,0.0,+/-0.0,15.74,+/-1.52,0.0,40.0,60.0,0.0,0.0,0.0,1.52,3.07,0.0,1.52,7,1.0,17.14,120.0
gpm6,GPM6,2026-07-21,11.17.05.2002,Bale Redelong,provisional_catchment,yes,4.796061970712406,97.0098682419131,Asia/Jakarta,Forecast Redelong representative point. BMKG ADM4 reference: 11.17.05.2002 (Bale Redelong). Initial BMKG reference for catchment point Spatial role: provisional_catchment. Area analisis provisional; menunggu konfirmasi batas DAS resmi.,00:00,7,7.2274,cukup,"BMKG,CMA,ECMWF,GFS,ICON,METEOFRANCE,UKMO",Berawan,87.5,Tinggi,15.47,+/-1.47,96.08,+/-2.52,0.0,+/-0.0,15.47,+/-1.47,0.0,44.7,55.3,0.0,0.0,0.0,1.47,2.52,0.0,1.47,7,1.0,0.0,0.0
gpm6,GPM6,2026-07-21,11.17.05.2002,Bale Redelong,provisional_catchment,yes,4.796061970712406,97.0098682419131,Asia/Jakarta,Forecast Redelong representative point. BMKG ADM4 reference: 11.17.05.2002 (Bale Redelong). Initial BMKG reference for catchment point Spatial role: provisional_catchment. Area analisis provisional; menunggu konfirmasi batas DAS resmi.,01:00,7,6.9205,cukup,"BMKG,CMA,ECMWF,GFS,ICON,METEOFRANCE,UKMO",Cerah Berawan,86.7,Tinggi,15.23,+/-1.52,95.59,+/-2.88,0.0,+/-0.0,15.23,+/-1.52,0.0,56.7,43.3,0.0,0.0,0.0,1.52,2.88,0.0,1.52,7,1.0,8.57,60.0
gpm6,GPM6,2026-07-21,11.17.05.2002,Bale Redelong,provisional_catchment,yes,4.796061970712406,97.0098682419131,Asia/Jakarta,Forecast Redelong representative point. BMKG ADM4 reference: 11.17.05.2002 (Bale Redelong). Initial BMKG reference for catchment point Spatial role: provisional_catchment. Area analisis provisional; menunggu konfirmasi batas DAS resmi.,02:00,7,6.9205,cukup,"BMKG,CMA,ECMWF,GFS,ICON,METEOFRANCE,UKMO",Cerah Berawan,86.7,Tinggi,14.99,+/-1.58,95.58,+/-2.94,0.0,+/-0.0,14.99,+/-1.58,0.0,56.7,43.3,0.0,0.0,0.0,1.58,2.94,0.0,1.58,7,1.0,8.57,60.0
gpm6,GPM6,2026-07-21,11.17.05.2002,Bale Redelong,provisional_catchment,yes,4.796061970712406,97.0098682419131,Asia/Jakarta,Forecast Redelong representative point. BMKG ADM4 reference: 11.17.05.2002 (Bale Redelong). Initial BMKG reference for catchment point Spatial role: provisional_catchment. Area analisis provisional; menunggu konfirmasi batas DAS resmi.,03:00,7,7.2274,cukup,"BMKG,CMA,ECMWF,GFS,ICON,METEOFRANCE,UKMO",Cerah Berawan,88.2,Tinggi,14.89,+/-1.55,95.69,+/-2.92,0.0,+/-0.0,14.89,+/-1.55,0.0,58.5,41.5,0.0,0.0,0.0,1.55,2.92,0.0,1.55,7,1.0,0.0,0.0
gpm6,GPM6,2026-07-21,11.17.05.2002,Bale Redelong,provisional_catchment,yes,4.796061970712406,97.0098682419131,Asia/Jakarta,Forecast Redelong representative point. BMKG ADM4 reference: 11.17.05.2002 (Bale Redelong). Initial BMKG reference for catchment point Spatial role: provisional_catchment. Area analisis provisional; menunggu konfirmasi batas DAS resmi.,04:00,7,6.9205,cukup,"BMKG,CMA,ECMWF,GFS,ICON,METEOFRANCE,UKMO",Cerah Berawan,86.7,Tinggi,14.82,+/-1.58,95.43,+/-3.35,0.0,+/-0.0,14.82,+/-1.58,0.0,56.7,43.3,0.0,0.0,0.0,1.58,3.35,0.0,1.58,7,1.0,8.57,60.0
gpm6,GPM6,2026-07-21,11.17.05.2002,Bale Redelong,provisional_catchment,yes,4.796061970712406,97.0098682419131,Asia/Jakarta,Forecast Redelong representative point. BMKG ADM4 reference: 11.17.05.2002 (Bale Redelong). Initial BMKG reference for catchment point Spatial role: provisional_catchment. Area analisis provisional; menunggu konfirmasi batas DAS resmi.,05:00,7,6.9205,cukup,"BMKG,CMA,ECMWF,GFS,ICON,METEOFRANCE,UKMO",Cerah Berawan,86.7,Tinggi,14.82,+/-1.49,94.9,+/-3.39,0.0,+/-0.0,14.82,+/-1.49,0.0,56.7,43.3,0.0,0.0,0.0,1.49,3.39,0.0,1.49,7,1.0,8.57,60.0
gpm6,GPM6,2026-07-21,11.17.05.2002,Bale Redelong,provisional_catchment,yes,4.796061970712406,97.0098682419131,Asia/Jakarta,Forecast Redelong representative point. BMKG ADM4 reference: 11.17.05.2002 (Bale Redelong). Initial BMKG reference for catchment point Spatial role: provisional_catchment. Area analisis provisional; menunggu konfirmasi batas DAS resmi.,06:00,7,7.2274,cukup,"BMKG,CMA,ECMWF,GFS,ICON,METEOFRANCE,UKMO",Cerah Berawan,88.2,Tinggi,14.82,+/-1.46,94.74,+/-3.2,0.0,+/-0.0,14.82,+/-1.46,0.0,58.5,41.5,0.0,0.0,0.0,1.46,3.2,0.0,1.46,7,1.0,0.0,0.0
gpm6,GPM6,2026-07-21,11.17.05.2002,Bale Redelong,provisional_catchment,yes,4.796061970712406,97.0098682419131,Asia/Jakarta,Forecast Redelong representative point. BMKG ADM4 reference: 11.17.05.2002 (Bale Redelong). Initial BMKG reference for catchment point Spatial role: provisional_catchment. Area analisis provisional; menunggu konfirmasi batas DAS resmi.,07:00,7,6.9205,cukup,"BMKG,CMA,ECMWF,GFS,ICON,METEOFRANCE,UKMO",Berawan,87.1,Tinggi,15.06,+/-1.27,94.03,+/-3.12,0.0,+/-0.0,15.06,+/-1.27,0.0,42.2,57.8,0.0,0.0,0.0,1.27,3.12,0.0,1.27,7,1.0,8.57,60.0
gpm6,GPM6,2026-07-21,11.17.05.2002,Bale Redelong,provisional_catchment,yes,4.796061970712406,97.0098682419131,Asia/Jakarta,Forecast Redelong representative point. BMKG ADM4 reference: 11.17.05.2002 (Bale Redelong). Initial BMKG reference for catchment point Spatial role: provisional_catchment. Area analisis provisional; menunggu konfirmasi batas DAS resmi.,08:00,7,6.9205,cukup,"BMKG,CMA,ECMWF,GFS,ICON,METEOFRANCE,UKMO",Berawan,83.4,Tinggi,16.92,+/-0.88,86.99,+/-6.64,0.0,+/-0.0,16.92,+/-0.88,14.4,42.2,43.3,0.0,0.0,0.0,0.88,6.64,0.0,0.88,7,1.0,8.57,60.0
gpm6,GPM6,2026-07-21,11.17.05.2002,Bale Redelong,provisional_catchment,yes,4.796061970712406,97.0098682419131,Asia/Jakarta,Forecast Redelong representative point. BMKG ADM4 reference: 11.17.05.2002 (Bale Redelong). Initial BMKG reference for catchment point Spatial role: provisional_catchment. Area analisis provisional; menunggu konfirmasi batas DAS resmi.,09:00,7,7.2274,cukup,"BMKG,CMA,ECMWF,GFS,ICON,METEOFRANCE,UKMO",Cerah Berawan,88.6,Tinggi,18.2,+/-0.28,80.12,+/-6.33,0.0,+/-0.0,18.2,+/-0.28,0.0,58.5,41.5,0.0,0.0,0.0,0.28,6.33,0.0,0.28,7,1.0,0.0,0.0
gpm6,GPM6,2026-07-21,11.17.05.2002,Bale Redelong,provisional_catchment,yes,4.796061970712406,97.0098682419131,Asia/Jakarta,Forecast Redelong representative point. BMKG ADM4 reference: 11.17.05.2002 (Bale Redelong). Initial BMKG reference for catchment point Spatial role: provisional_catchment. Area analisis provisional; menunggu konfirmasi batas DAS resmi.,10:00,7,6.9205,cukup,"BMKG,CMA,ECMWF,GFS,ICON,METEOFRANCE,UKMO",Berawan,87.2,Tinggi,19.77,+/-0.56,75.87,+/-6.68,0.0,+/-0.0,19.77,+/-0.56,0.0,42.2,57.8,0.0,0.0,0.0,0.56,6.68,0.0,0.56,7,1.0,8.57,60.0
gpm6,GPM6,2026-07-21,11.17.05.2002,Bale Redelong,provisional_catchment,yes,4.796061970712406,97.0098682419131,Asia/Jakarta,Forecast Redelong representative point. BMKG ADM4 reference: 11.17.05.2002 (Bale Redelong). Initial BMKG reference for catchment point Spatial role: provisional_catchment. Area analisis provisional; menunggu konfirmasi batas DAS resmi.,11:00,7,6.9205,cukup,"BMKG,CMA,ECMWF,GFS,ICON,METEOFRANCE,UKMO",Hujan Ringan,89.7,Tinggi,20.91,+/-1.52,73.47,+/-9.97,0.55,+/-0.46,20.91,+/-1.52,13.3,0.0,14.4,72.2,0.0,0.0,1.52,9.97,0.46,1.52,7,1.0,8.57,60.0
gpm6,GPM6,2026-07-21,11.17.05.2002,Bale Redelong,provisional_catchment,yes,4.796061970712406,97.0098682419131,Asia/Jakarta,Forecast Redelong representative point. BMKG ADM4 reference: 11.17.05.2002 (Bale Redelong). Initial BMKG reference for catchment point Spatial role: provisional_catchment. Area analisis provisional; menunggu konfirmasi batas DAS resmi.,12:00,7,7.2274,cukup,"BMKG,CMA,ECMWF,GFS,ICON,METEOFRANCE,UKMO",Hujan Ringan,89.7,Tinggi,20.71,+/-1.83,77.48,+/-11.68,0.85,+/-0.48,20.71,+/-1.83,17.0,0.0,0.0,69.2,0.0,13.8,1.83,11.68,0.48,1.83,7,1.0,0.0,0.0
gpm6,GPM6,2026-07-21,11.17.05.2002,Bale Redelong,provisional_catchment,yes,4.796061970712406,97.0098682419131,Asia/Jakarta,Forecast Redelong representative point. BMKG ADM4 reference: 11.17.05.2002 (Bale Redelong). Initial BMKG reference for catchment point Spatial role: provisional_catchment. Area analisis provisional; menunggu konfirmasi batas DAS resmi.,13:00,7,6.9205,cukup,"BMKG,CMA,ECMWF,GFS,ICON,METEOFRANCE,UKMO",Hujan Ringan,90.4,Tinggi,19.62,+/-1.15,86.83,+/-6.18,0.94,+/-0.22,19.62,+/-1.15,13.3,0.0,0.0,72.2,0.0,14.4,1.15,6.18,0.22,1.15,7,1.0,8.57,60.0
gpm6,GPM6,2026-07-21,11.17.05.2002,Bale Redelong,provisional_catchment,yes,4.796061970712406,97.0098682419131,Asia/Jakarta,Forecast Redelong representative point. BMKG ADM4 reference: 11.17.05.2002 (Bale Redelong). Initial BMKG reference for catchment point Spatial role: provisional_catchment. Area analisis provisional; menunggu konfirmasi batas DAS resmi.,14:00,7,6.9205,cukup,"BMKG,CMA,ECMWF,GFS,ICON,METEOFRANCE,UKMO",Hujan Ringan,82.1,Tinggi,19.82,+/-1.28,85.52,+/-9.68,2.42,+/-1.16,19.82,+/-1.28,0.0,13.3,0.0,43.3,14.4,28.9,1.28,9.68,1.16,1.28,7,1.0,8.57,60.0
gpm6,GPM6,2026-07-21,11.17.05.2002,Bale Redelong,provisional_catchment,yes,4.796061970712406,97.0098682419131,Asia/Jakarta,Forecast Redelong representative point. BMKG ADM4 reference: 11.17.05.2002 (Bale Redelong). Initial BMKG reference for catchment point Spatial role: provisional_catchment. Area analisis provisional; menunggu konfirmasi batas DAS resmi.,15:00,7,7.2274,cukup,"BMKG,CMA,ECMWF,GFS,ICON,METEOFRANCE,UKMO",Hujan Ringan,82.6,Tinggi,19.1,+/-0.89,86.31,+/-10.66,2.75,+/-1.51,19.1,+/-0.89,0.0,17.0,0.0,41.5,13.8,27.7,0.89,10.66,1.51,0.89,7,1.0,0.0,0.0
gpm6,GPM6,2026-07-21,11.17.05.2002,Bale Redelong,provisional_catchment,yes,4.796061970712406,97.0098682419131,Asia/Jakarta,Forecast Redelong representative point. BMKG ADM4 reference: 11.17.05.2002 (Bale Redelong). Initial BMKG reference for catchment point Spatial role: provisional_catchment. Area analisis provisional; menunggu konfirmasi batas DAS resmi.,16:00,7,6.9205,cukup,"BMKG,CMA,ECMWF,GFS,ICON,METEOFRANCE,UKMO",Hujan Ringan,82.7,Tinggi,18.73,+/-0.81,91.83,+/-5.27,2.57,+/-1.11,18.73,+/-0.81,0.0,13.3,0.0,43.3,28.9,14.4,0.81,5.27,1.11,0.81,7,1.0,8.57,60.0
gpm6,GPM6,2026-07-21,11.17.05.2002,Bale Redelong,provisional_catchment,yes,4.796061970712406,97.0098682419131,Asia/Jakarta,Forecast Redelong representative point. BMKG ADM4 reference: 11.17.05.2002 (Bale Redelong). Initial BMKG reference for catchment point Spatial role: provisional_catchment. Area analisis provisional; menunggu konfirmasi batas DAS resmi.,17:00,7,6.9205,cukup,"BMKG,CMA,ECMWF,GFS,ICON,METEOFRANCE,UKMO",Hujan Ringan,90.3,Tinggi,18.41,+/-0.84,93.02,+/-4.23,1.3,+/-0.76,18.41,+/-0.84,13.3,0.0,0.0,72.2,0.0,14.4,0.84,4.23,0.76,0.84,7,1.0,8.57,60.0
gpm6,GPM6,2026-07-21,11.17.05.2002,Bale Redelong,provisional_catchment,yes,4.796061970712406,97.0098682419131,Asia/Jakarta,Forecast Redelong representative point. BMKG ADM4 reference: 11.17.05.2002 (Bale Redelong). Initial BMKG reference for catchment point Spatial role: provisional_catchment. Area analisis provisional; menunggu konfirmasi batas DAS resmi.,18:00,7,7.2274,cukup,"BMKG,CMA,ECMWF,GFS,ICON,METEOFRANCE,UKMO",Hujan Ringan,94.4,Tinggi,17.92,+/-1.0,94.32,+/-3.33,0.8,+/-0.26,17.92,+/-1.0,17.0,0.0,0.0,83.0,0.0,0.0,1.0,3.33,0.26,1.0,7,1.0,0.0,0.0
gpm6,GPM6,2026-07-21,11.17.05.2002,Bale Redelong,provisional_catchment,yes,4.796061970712406,97.0098682419131,Asia/Jakarta,Forecast Redelong representative point. BMKG ADM4 reference: 11.17.05.2002 (Bale Redelong). Initial BMKG reference for catchment point Spatial role: provisional_catchment. Area analisis provisional; menunggu konfirmasi batas DAS resmi.,19:00,7,6.9205,cukup,"BMKG,CMA,ECMWF,GFS,ICON,METEOFRANCE,UKMO",Hujan Ringan,90.4,Tinggi,17.25,+/-1.37,95.62,+/-2.99,0.7,+/-0.39,17.25,+/-1.37,13.3,0.0,14.4,72.2,0.0,0.0,1.37,2.99,0.39,1.37,7,1.0,8.57,60.0
gpm6,GPM6,2026-07-21,11.17.05.2002,Bale Redelong,provisional_catchment,yes,4.796061970712406,97.0098682419131,Asia/Jakarta,Forecast Redelong representative point. BMKG ADM4 reference: 11.17.05.2002 (Bale Redelong). Initial BMKG reference for catchment point Spatial role: provisional_catchment. Area analisis provisional; menunggu konfirmasi batas DAS resmi.,20:00,7,6.9205,cukup,"BMKG,CMA,ECMWF,GFS,ICON,METEOFRANCE,UKMO",Hujan Ringan,83.4,Tinggi,16.51,+/-1.24,97.42,+/-2.33,0.14,+/-0.2,16.51,+/-1.24,13.3,14.4,28.9,43.3,0.0,0.0,1.24,2.33,0.2,1.24,7,1.0,8.57,60.0
gpm6,GPM6,2026-07-21,11.17.05.2002,Bale Redelong,provisional_catchment,yes,4.796061970712406,97.0098682419131,Asia/Jakarta,Forecast Redelong representative point. BMKG ADM4 reference: 11.17.05.2002 (Bale Redelong). Initial BMKG reference for catchment point Spatial role: provisional_catchment. Area analisis provisional; menunggu konfirmasi batas DAS resmi.,21:00,7,7.2274,cukup,"BMKG,CMA,ECMWF,GFS,ICON,METEOFRANCE,UKMO",Hujan Ringan,84.3,Tinggi,15.84,+/-0.77,97.31,+/-1.56,0.18,+/-0.2,15.84,+/-0.77,17.0,13.8,27.7,41.5,0.0,0.0,0.77,1.56,0.2,0.77,7,1.0,0.0,0.0
gpm6,GPM6,2026-07-21,11.17.05.2002,Bale Redelong,provisional_catchment,yes,4.796061970712406,97.0098682419131,Asia/Jakarta,Forecast Redelong representative point. BMKG ADM4 reference: 11.17.05.2002 (Bale Redelong). Initial BMKG reference for catchment point Spatial role: provisional_catchment. Area analisis provisional; menunggu konfirmasi batas DAS resmi.,22:00,7,6.9205,cukup,"BMKG,CMA,ECMWF,GFS,ICON,METEOFRANCE,UKMO",Hujan Ringan,83.5,Tinggi,15.89,+/-1.23,96.99,+/-1.61,0.14,+/-0.2,15.89,+/-1.23,27.8,0.0,28.9,43.3,0.0,0.0,1.23,1.61,0.2,1.23,7,1.0,8.57,60.0
gpm6,GPM6,2026-07-21,11.17.05.2002,Bale Redelong,provisional_catchment,yes,4.796061970712406,97.0098682419131,Asia/Jakarta,Forecast Redelong representative point. BMKG ADM4 reference: 11.17.05.2002 (Bale Redelong). Initial BMKG reference for catchment point Spatial role: provisional_catchment. Area analisis provisional; menunggu konfirmasi batas DAS resmi.,23:00,7,6.6751,cukup,"BMKG,CMA,ECMWF,GFS,ICON,METEOFRANCE,UKMO",Hujan Ringan,79.3,Sedang,15.56,+/-1.26,96.5,+/-1.86,0.08,+/-0.12,15.56,+/-1.26,25.1,30.0,0.0,30.0,15.0,0.0,1.26,1.86,0.12,1.26,7,1.0,17.14,120.0
gpm6,GPM6,2026-07-22,11.17.05.2002,Bale Redelong,provisional_catchment,yes,4.796061970712406,97.0098682419131,Asia/Jakarta,Forecast Redelong representative point. BMKG ADM4 reference: 11.17.05.2002 (Bale Redelong). Initial BMKG reference for catchment point Spatial role: provisional_catchment. Area analisis provisional; menunggu konfirmasi batas DAS resmi.,00:00,6,6.0,cukup,"CMA,ECMWF,GFS,ICON,METEOFRANCE,UKMO",Hujan Ringan,77.1,Sedang,15.17,+/-1.14,95.67,+/-2.49,0.08,+/-0.12,15.17,+/-1.14,16.7,16.7,16.7,50.0,0.0,0.0,1.14,2.49,0.12,1.14,7,0.8571,0.0,0.0
gpm6,GPM6,2026-07-22,11.17.05.2002,Bale Redelong,provisional_catchment,yes,4.796061970712406,97.0098682419131,Asia/Jakarta,Forecast Redelong representative point. BMKG ADM4 reference: 11.17.05.2002 (Bale Redelong). Initial BMKG reference for catchment point Spatial role: provisional_catchment. Area analisis provisional; menunggu konfirmasi batas DAS resmi.,01:00,6,6.0,cukup,"CMA,ECMWF,GFS,ICON,METEOFRANCE,UKMO",Hujan Ringan,77.1,Sedang,14.95,+/-1.16,95.83,+/-2.27,0.1,+/-0.12,14.95,+/-1.16,16.7,16.7,16.7,50.0,0.0,0.0,1.16,2.27,0.12,1.16,7,0.8571,0.0,0.0
gpm6,GPM6,2026-07-22,11.17.05.2002,Bale Redelong,provisional_catchment,yes,4.796061970712406,97.0098682419131,Asia/Jakarta,Forecast Redelong representative point. BMKG ADM4 reference: 11.17.05.2002 (Bale Redelong). Initial BMKG reference for catchment point Spatial role: provisional_catchment. Area analisis provisional; menunggu konfirmasi batas DAS resmi.,02:00,6,6.0,cukup,"CMA,ECMWF,GFS,ICON,METEOFRANCE,UKMO",Cerah Berawan,81.4,Tinggi,14.67,+/-1.12,96.0,+/-2.08,0.0,+/-0.0,14.67,+/-1.12,0.0,66.7,33.3,0.0,0.0,0.0,1.12,2.08,0.0,1.12,7,0.8571,0.0,0.0
gpm6,GPM6,2026-07-22,11.17.05.2002,Bale Redelong,provisional_catchment,yes,4.796061970712406,97.0098682419131,Asia/Jakarta,Forecast Redelong representative point. BMKG ADM4 reference: 11.17.05.2002 (Bale Redelong). Initial BMKG reference for catchment point Spatial role: provisional_catchment. Area analisis provisional; menunggu konfirmasi batas DAS resmi.,03:00,6,6.0,cukup,"CMA,ECMWF,GFS,ICON,METEOFRANCE,UKMO",Cerah Berawan,81.6,Tinggi,14.0,+/-0.68,96.5,+/-1.61,0.0,+/-0.0,14.0,+/-0.68,0.0,66.7,33.3,0.0,0.0,0.0,0.68,1.61,0.0,0.68,7,0.8571,0.0,0.0
gpm6,GPM6,2026-07-22,11.17.05.2002,Bale Redelong,provisional_catchment,yes,4.796061970712406,97.0098682419131,Asia/Jakarta,Forecast Redelong representative point. BMKG ADM4 reference: 11.17.05.2002 (Bale Redelong). Initial BMKG reference for catchment point Spatial role: provisional_catchment. Area analisis provisional; menunggu konfirmasi batas DAS resmi.,04:00,6,6.0,cukup,"CMA,ECMWF,GFS,ICON,METEOFRANCE,UKMO",Berawan,77.7,Sedang,13.47,+/-0.18,96.33,+/-1.37,0.0,+/-0.0,13.47,+/-0.18,16.7,33.3,50.0,0.0,0.0,0.0,0.18,1.37,0.0,0.18,7,0.8571,0.0,0.0
gpm6,GPM6,2026-07-22,11.17.05.2002,Bale Redelong,provisional_catchment,yes,4.796061970712406,97.0098682419131,Asia/Jakarta,Forecast Redelong representative point. BMKG ADM4 reference: 11.17.05.2002 (Bale Redelong). Initial BMKG reference for catchment point Spatial role: provisional_catchment. Area analisis provisional; menunggu konfirmasi batas DAS resmi.,05:00,6,6.0,cukup,"CMA,ECMWF,GFS,ICON,METEOFRANCE,UKMO",Cerah Berawan,77.2,Sedang,14.08,+/-1.16,96.33,+/-2.13,0.0,+/-0.0,14.08,+/-1.16,16.7,50.0,33.3,0.0,0.0,0.0,1.16,2.13,0.0,1.16,7,0.8571,0.0,0.0
gpm6,GPM6,2026-07-22,11.17.05.2002,Bale Redelong,provisional_catchment,yes,4.796061970712406,97.0098682419131,Asia/Jakarta,Forecast Redelong representative point. BMKG ADM4 reference: 11.17.05.2002 (Bale Redelong). Initial BMKG reference for catchment point Spatial role: provisional_catchment. Area analisis provisional; menunggu konfirmasi batas DAS resmi.,06:00,6,6.0,cukup,"CMA,ECMWF,GFS,ICON,METEOFRANCE,UKMO",Cerah Berawan,77.1,Sedang,14.03,+/-1.28,95.67,+/-2.69,0.0,+/-0.0,14.03,+/-1.28,16.7,50.0,33.3,0.0,0.0,0.0,1.28,2.69,0.0,1.28,7,0.8571,0.0,0.0
gpm6,GPM6,2026-07-22,11.17.05.2002,Bale Redelong,provisional_catchment,yes,4.796061970712406,97.0098682419131,Asia/Jakarta,Forecast Redelong representative point. BMKG ADM4 reference: 11.17.05.2002 (Bale Redelong). Initial BMKG reference for catchment point Spatial role: provisional_catchment. Area analisis provisional; menunggu konfirmasi batas DAS resmi.,07:00,6,6.0,cukup,"CMA,ECMWF,GFS,ICON,METEOFRANCE,UKMO",Cerah Berawan,77.0,Sedang,14.53,+/-1.33,93.5,+/-3.4,0.0,+/-0.0,14.53,+/-1.33,16.7,50.0,33.3,0.0,0.0,0.0,1.33,3.4,0.0,1.33,7,0.8571,0.0,0.0
gpm6,GPM6,2026-07-22,11.17.05.2002,Bale Redelong,provisional_catchment,yes,4.796061970712406,97.0098682419131,Asia/Jakarta,Forecast Redelong representative point. BMKG ADM4 reference: 11.17.05.2002 (Bale Redelong). Initial BMKG reference for catchment point Spatial role: provisional_catchment. Area analisis provisional; menunggu konfirmasi batas DAS resmi.,08:00,6,6.0,cukup,"CMA,ECMWF,GFS,ICON,METEOFRANCE,UKMO",Cerah Berawan,77.0,Sedang,16.47,+/-1.24,88.0,+/-3.42,0.0,+/-0.0,16.47,+/-1.24,16.7,50.0,33.3,0.0,0.0,0.0,1.24,3.42,0.0,1.24,7,0.8571,0.0,0.0
gpm6,GPM6,2026-07-22,11.17.05.2002,Bale Redelong,provisional_catchment,yes,4.796061970712406,97.0098682419131,Asia/Jakarta,Forecast Redelong representative point. BMKG ADM4 reference: 11.17.05.2002 (Bale Redelong). Initial BMKG reference for catchment point Spatial role: provisional_catchment. Area analisis provisional; menunggu konfirmasi batas DAS resmi.,09:00,6,6.0,cukup,"CMA,ECMWF,GFS,ICON,METEOFRANCE,UKMO",Cerah Berawan,85.4,Tinggi,18.77,+/-1.0,78.83,+/-4.52,0.0,+/-0.0,18.77,+/-1.0,16.7,83.3,0.0,0.0,0.0,0.0,1.0,4.52,0.0,1.0,7,0.8571,0.0,0.0
gpm6,GPM6,2026-07-22,11.17.05.2002,Bale Redelong,provisional_catchment,yes,4.796061970712406,97.0098682419131,Asia/Jakarta,Forecast Redelong representative point. BMKG ADM4 reference: 11.17.05.2002 (Bale Redelong). Initial BMKG reference for catchment point Spatial role: provisional_catchment. Area analisis provisional; menunggu konfirmasi batas DAS resmi.,10:00,6,6.0,cukup,"CMA,ECMWF,GFS,ICON,METEOFRANCE,UKMO",Cerah Berawan,85.3,Tinggi,20.52,+/-0.88,72.83,+/-6.84,0.0,+/-0.0,20.52,+/-0.88,0.0,83.3,16.7,0.0,0.0,0.0,0.88,6.84,0.0,0.88,7,0.8571,0.0,0.0
gpm6,GPM6,2026-07-22,11.17.05.2002,Bale Redelong,provisional_catchment,yes,4.796061970712406,97.0098682419131,Asia/Jakarta,Forecast Redelong representative point. BMKG ADM4 reference: 11.17.05.2002 (Bale Redelong). Initial BMKG reference for catchment point Spatial role: provisional_catchment. Area analisis provisional; menunggu konfirmasi batas DAS resmi.,11:00,6,6.0,cukup,"CMA,ECMWF,GFS,ICON,METEOFRANCE,UKMO",Cerah Berawan,76.3,Sedang,21.45,+/-0.88,69.83,+/-9.12,0.45,+/-0.71,21.45,+/-0.88,0.0,50.0,16.7,33.3,0.0,0.0,0.88,9.12,0.71,0.88,7,0.8571,0.0,0.0
gpm6,GPM6,2026-07-22,11.17.05.2002,Bale Redelong,provisional_catchment,yes,4.796061970712406,97.0098682419131,Asia/Jakarta,Forecast Redelong representative point. BMKG ADM4 reference: 11.17.05.2002 (Bale Redelong). Initial BMKG reference for catchment point Spatial role: provisional_catchment. Area analisis provisional; menunggu konfirmasi batas DAS resmi.,12:00,6,6.0,cukup,"CMA,ECMWF,GFS,ICON,METEOFRANCE,UKMO",Cerah Berawan,71.7,Sedang,21.63,+/-1.51,70.67,+/-13.88,0.28,+/-0.35,21.63,+/-1.51,0.0,33.3,16.7,33.3,0.0,16.7,1.51,13.88,0.35,1.51,7,0.8571,0.0,0.0
gpm6,GPM6,2026-07-22,11.17.05.2002,Bale Redelong,provisional_catchment,yes,4.796061970712406,97.0098682419131,Asia/Jakarta,Forecast Redelong representative point. BMKG ADM4 reference: 11.17.05.2002 (Bale Redelong). Initial BMKG reference for catchment point Spatial role: provisional_catchment. Area analisis provisional; menunggu konfirmasi batas DAS resmi.,13:00,6,6.0,cukup,"CMA,ECMWF,GFS,ICON,METEOFRANCE,UKMO",Hujan Ringan,75.1,Sedang,21.42,+/-2.01,74.5,+/-17.59,0.75,+/-0.66,21.42,+/-2.01,0.0,16.7,16.7,50.0,0.0,16.7,2.01,17.59,0.66,2.01,7,0.8571,0.0,0.0
gpm6,GPM6,2026-07-22,11.17.05.2002,Bale Redelong,provisional_catchment,yes,4.796061970712406,97.0098682419131,Asia/Jakarta,Forecast Redelong representative point. BMKG ADM4 reference: 11.17.05.2002 (Bale Redelong). Initial BMKG reference for catchment point Spatial role: provisional_catchment. Area analisis provisional; menunggu konfirmasi batas DAS resmi.,14:00,6,6.0,cukup,"CMA,ECMWF,GFS,ICON,METEOFRANCE,UKMO",Hujan Ringan,74.8,Sedang,21.03,+/-1.77,77.5,+/-15.49,1.68,+/-1.39,21.03,+/-1.77,0.0,0.0,0.0,50.0,16.7,33.3,1.77,15.49,1.39,1.77,7,0.8571,0.0,0.0
gpm6,GPM6,2026-07-22,11.17.05.2002,Bale Redelong,provisional_catchment,yes,4.796061970712406,97.0098682419131,Asia/Jakarta,Forecast Redelong representative point. BMKG ADM4 reference: 11.17.05.2002 (Bale Redelong). Initial BMKG reference for catchment point Spatial role: provisional_catchment. Area analisis provisional; menunggu konfirmasi batas DAS resmi.,15:00,6,6.0,cukup,"CMA,ECMWF,GFS,ICON,METEOFRANCE,UKMO",Hujan Ringan,75.3,Sedang,20.22,+/-1.31,82.17,+/-11.48,1.67,+/-1.4,20.22,+/-1.31,0.0,0.0,0.0,50.0,16.7,33.3,1.31,11.48,1.4,1.31,7,0.8571,0.0,0.0
gpm6,GPM6,2026-07-22,11.17.05.2002,Bale Redelong,provisional_catchment,yes,4.796061970712406,97.0098682419131,Asia/Jakarta,Forecast Redelong representative point. BMKG ADM4 reference: 11.17.05.2002 (Bale Redelong). Initial BMKG reference for catchment point Spatial role: provisional_catchment. Area analisis provisional; menunggu konfirmasi batas DAS resmi.,16:00,6,6.0,cukup,"CMA,ECMWF,GFS,ICON,METEOFRANCE,UKMO",Hujan Ringan,76.1,Sedang,19.28,+/-1.03,91.0,+/-3.74,1.77,+/-1.33,19.28,+/-1.03,0.0,0.0,0.0,50.0,33.3,16.7,1.03,3.74,1.33,1.03,7,0.8571,0.0,0.0
gpm6,GPM6,2026-07-22,11.17.05.2002,Bale Redelong,provisional_catchment,yes,4.796061970712406,97.0098682419131,Asia/Jakarta,Forecast Redelong representative point. BMKG ADM4 reference: 11.17.05.2002 (Bale Redelong). Initial BMKG reference for catchment point Spatial role: provisional_catchment. Area analisis provisional; menunggu konfirmasi batas DAS resmi.,17:00,6,6.0,cukup,"CMA,ECMWF,GFS,ICON,METEOFRANCE,UKMO",Hujan Ringan,81.3,Tinggi,18.47,+/-1.01,93.6,+/-3.01,0.33,+/-0.11,18.47,+/-1.01,0.0,0.0,16.7,66.7,16.7,0.0,1.01,3.01,0.11,1.01,7,0.8571,0.0,0.0
gpm6,GPM6,2026-07-22,11.17.05.2002,Bale Redelong,provisional_catchment,yes,4.796061970712406,97.0098682419131,Asia/Jakarta,Forecast Redelong representative point. BMKG ADM4 reference: 11.17.05.2002 (Bale Redelong). Initial BMKG reference for catchment point Spatial role: provisional_catchment. Area analisis provisional; menunggu konfirmasi batas DAS resmi.,18:00,6,6.0,cukup,"CMA,ECMWF,GFS,ICON,METEOFRANCE,UKMO",Hujan Ringan,81.1,Tinggi,17.75,+/-1.11,93.83,+/-3.98,0.33,+/-0.11,17.75,+/-1.11,0.0,0.0,16.7,66.7,16.7,0.0,1.11,3.98,0.11,1.11,7,0.8571,0.0,0.0
gpm6,GPM6,2026-07-22,11.17.05.2002,Bale Redelong,provisional_catchment,yes,4.796061970712406,97.0098682419131,Asia/Jakarta,Forecast Redelong representative point. BMKG ADM4 reference: 11.17.05.2002 (Bale Redelong). Initial BMKG reference for catchment point Spatial role: provisional_catchment. Area analisis provisional; menunggu konfirmasi batas DAS resmi.,19:00,6,6.0,cukup,"CMA,ECMWF,GFS,ICON,METEOFRANCE,UKMO",Hujan Ringan,81.3,Tinggi,17.15,+/-1.19,96.4,+/-1.96,0.34,+/-0.1,17.15,+/-1.19,0.0,0.0,16.7,66.7,16.7,0.0,1.19,1.96,0.1,1.19,7,0.8571,0.0,0.0
gpm6,GPM6,2026-07-22,11.17.05.2002,Bale Redelong,provisional_catchment,yes,4.796061970712406,97.0098682419131,Asia/Jakarta,Forecast Redelong representative point. BMKG ADM4 reference: 11.17.05.2002 (Bale Redelong). Initial BMKG reference for catchment point Spatial role: provisional_catchment. Area analisis provisional; menunggu konfirmasi batas DAS resmi.,20:00,6,6.0,cukup,"CMA,ECMWF,GFS,ICON,METEOFRANCE,UKMO",Hujan Ringan,76.7,Sedang,16.53,+/-1.29,97.0,+/-1.79,0.52,+/-0.55,16.53,+/-1.29,16.7,33.3,0.0,50.0,0.0,0.0,1.29,1.79,0.55,1.29,7,0.8571,0.0,0.0
gpm6,GPM6,2026-07-22,11.17.05.2002,Bale Redelong,provisional_catchment,yes,4.796061970712406,97.0098682419131,Asia/Jakarta,Forecast Redelong representative point. BMKG ADM4 reference: 11.17.05.2002 (Bale Redelong). Initial BMKG reference for catchment point Spatial role: provisional_catchment. Area analisis provisional; menunggu konfirmasi batas DAS resmi.,21:00,6,6.0,cukup,"CMA,ECMWF,GFS,ICON,METEOFRANCE,UKMO",Hujan Ringan,76.7,Sedang,16.12,+/-1.34,95.17,+/-3.24,0.3,+/-0.43,16.12,+/-1.34,16.7,33.3,0.0,50.0,0.0,0.0,1.34,3.24,0.43,1.34,7,0.8571,0.0,0.0
gpm6,GPM6,2026-07-22,11.17.05.2002,Bale Redelong,provisional_catchment,yes,4.796061970712406,97.0098682419131,Asia/Jakarta,Forecast Redelong representative point. BMKG ADM4 reference: 11.17.05.2002 (Bale Redelong). Initial BMKG reference for catchment point Spatial role: provisional_catchment. Area analisis provisional; menunggu konfirmasi batas DAS resmi.,22:00,6,6.0,cukup,"CMA,ECMWF,GFS,ICON,METEOFRANCE,UKMO",Hujan Ringan,72.7,Sedang,15.1,+/-0.69,94.67,+/-3.54,0.4,+/-0.57,15.1,+/-0.69,16.7,33.3,16.7,33.3,0.0,0.0,0.69,3.54,0.57,0.69,7,0.8571,0.0,0.0
gpm6,GPM6,2026-07-22,11.17.05.2002,Bale Redelong,provisional_catchment,yes,4.796061970712406,97.0098682419131,Asia/Jakarta,Forecast Redelong representative point. BMKG ADM4 reference: 11.17.05.2002 (Bale Redelong). Initial BMKG reference for catchment point Spatial role: provisional_catchment. Area analisis provisional; menunggu konfirmasi batas DAS resmi.,23:00,6,6.0,cukup,"CMA,ECMWF,GFS,ICON,METEOFRANCE,UKMO",Cerah Berawan,73.0,Sedang,14.64,+/-0.91,94.5,+/-3.77,0.03,+/-0.07,14.64,+/-0.91,33.3,33.3,16.7,16.7,0.0,0.0,0.91,3.77,0.07,0.91,7,0.8571,0.0,0.0
gpm_grid_tamatue,GPM Grid TamaTue,2026-07-19,11.17.05.2002,Bale Redelong,external_comparison,yes,4.649902718619309,96.85017949357464,Asia/Jakarta,Forecast Redelong representative point. BMKG ADM4 reference: 11.17.05.2002 (Bale Redelong). Initial BMKG reference for catchment grid Spatial role: external_comparison. Grid terpisah dan terlalu jauh untuk langsung diasumsikan berkontribusi; hanya titik pembanding sampai konektivitas DAS dikonfirmasi.,00:00,6,6.0,cukup,"CMA,ECMWF,GFS,ICON,METEOFRANCE,UKMO",Berawan,81.2,Tinggi,18.27,+/-1.43,98.67,+/-0.94,0.03,+/-0.07,18.27,+/-1.43,0.0,16.7,66.7,16.7,0.0,0.0,1.43,0.94,0.07,1.43,7,0.8571,0.0,0.0
gpm_grid_tamatue,GPM Grid TamaTue,2026-07-19,11.17.05.2002,Bale Redelong,external_comparison,yes,4.649902718619309,96.85017949357464,Asia/Jakarta,Forecast Redelong representative point. BMKG ADM4 reference: 11.17.05.2002 (Bale Redelong). Initial BMKG reference for catchment grid Spatial role: external_comparison. Grid terpisah dan terlalu jauh untuk langsung diasumsikan berkontribusi; hanya titik pembanding sampai konektivitas DAS dikonfirmasi.,01:00,6,6.0,cukup,"CMA,ECMWF,GFS,ICON,METEOFRANCE,UKMO",Berawan,85.5,Tinggi,18.15,+/-1.3,98.67,+/-1.11,0.0,+/-0.0,18.15,+/-1.3,16.7,0.0,83.3,0.0,0.0,0.0,1.3,1.11,0.0,1.3,7,0.8571,0.0,0.0
gpm_grid_tamatue,GPM Grid TamaTue,2026-07-19,11.17.05.2002,Bale Redelong,external_comparison,yes,4.649902718619309,96.85017949357464,Asia/Jakarta,Forecast Redelong representative point. BMKG ADM4 reference: 11.17.05.2002 (Bale Redelong). Initial BMKG reference for catchment grid Spatial role: external_comparison. Grid terpisah dan terlalu jauh untuk langsung diasumsikan berkontribusi; hanya titik pembanding sampai konektivitas DAS dikonfirmasi.,02:00,6,6.0,cukup,"CMA,ECMWF,GFS,ICON,METEOFRANCE,UKMO",Berawan,81.6,Tinggi,17.54,+/-0.56,98.5,+/-0.96,0.05,+/-0.11,17.54,+/-0.56,16.7,0.0,66.7,16.7,0.0,0.0,0.56,0.96,0.11,0.56,7,0.8571,0.0,0.0
gpm_grid_tamatue,GPM Grid TamaTue,2026-07-19,11.17.05.2002,Bale Redelong,external_comparison,yes,4.649902718619309,96.85017949357464,Asia/Jakarta,Forecast Redelong representative point. BMKG ADM4 reference: 11.17.05.2002 (Bale Redelong). Initial BMKG reference for catchment grid Spatial role: external_comparison. Grid terpisah dan terlalu jauh untuk langsung diasumsikan berkontribusi; hanya titik pembanding sampai konektivitas DAS dikonfirmasi.,03:00,6,6.0,cukup,"CMA,ECMWF,GFS,ICON,METEOFRANCE,UKMO",Berawan,77.2,Sedang,17.72,+/-1.22,98.33,+/-0.75,0.05,+/-0.11,17.72,+/-1.22,16.7,16.7,50.0,16.7,0.0,0.0,1.22,0.75,0.11,1.22,7,0.8571,0.0,0.0
gpm_grid_tamatue,GPM Grid TamaTue,2026-07-19,11.17.05.2002,Bale Redelong,external_comparison,yes,4.649902718619309,96.85017949357464,Asia/Jakarta,Forecast Redelong representative point. BMKG ADM4 reference: 11.17.05.2002 (Bale Redelong). Initial BMKG reference for catchment grid Spatial role: external_comparison. Grid terpisah dan terlalu jauh untuk langsung diasumsikan berkontribusi; hanya titik pembanding sampai konektivitas DAS dikonfirmasi.,04:00,6,6.0,cukup,"CMA,ECMWF,GFS,ICON,METEOFRANCE,UKMO",Berawan,77.1,Sedang,17.35,+/-1.36,98.0,+/-1.0,0.02,+/-0.04,17.35,+/-1.36,16.7,16.7,50.0,16.7,0.0,0.0,1.36,1.0,0.04,1.36,7,0.8571,0.0,0.0
gpm_grid_tamatue,GPM Grid TamaTue,2026-07-19,11.17.05.2002,Bale Redelong,external_comparison,yes,4.649902718619309,96.85017949357464,Asia/Jakarta,Forecast Redelong representative point. BMKG ADM4 reference: 11.17.05.2002 (Bale Redelong). Initial BMKG reference for catchment grid Spatial role: external_comparison. Grid terpisah dan terlalu jauh untuk langsung diasumsikan berkontribusi; hanya titik pembanding sampai konektivitas DAS dikonfirmasi.,05:00,6,6.0,cukup,"CMA,ECMWF,GFS,ICON,METEOFRANCE,UKMO",Berawan,77.0,Sedang,17.2,+/-1.47,97.67,+/-1.49,0.05,+/-0.11,17.2,+/-1.47,33.3,0.0,50.0,16.7,0.0,0.0,1.47,1.49,0.11,1.47,7,0.8571,0.0,0.0
gpm_grid_tamatue,GPM Grid TamaTue,2026-07-19,11.17.05.2002,Bale Redelong,external_comparison,yes,4.649902718619309,96.85017949357464,Asia/Jakarta,Forecast Redelong representative point. BMKG ADM4 reference: 11.17.05.2002 (Bale Redelong). Initial BMKG reference for catchment grid Spatial role: external_comparison. Grid terpisah dan terlalu jauh untuk langsung diasumsikan berkontribusi; hanya titik pembanding sampai konektivitas DAS dikonfirmasi.,06:00,6,6.0,cukup,"CMA,ECMWF,GFS,ICON,METEOFRANCE,UKMO",Berawan,77.0,Sedang,17.2,+/-1.55,97.33,+/-1.97,0.0,+/-0.0,17.2,+/-1.55,16.7,33.3,50.0,0.0,0.0,0.0,1.55,1.97,0.0,1.55,7,0.8571,0.0,0.0
gpm_grid_tamatue,GPM Grid TamaTue,2026-07-19,11.17.05.2002,Bale Redelong,external_comparison,yes,4.649902718619309,96.85017949357464,Asia/Jakarta,Forecast Redelong representative point. BMKG ADM4 reference: 11.17.05.2002 (Bale Redelong). Initial BMKG reference for catchment grid Spatial role: external_comparison. Grid terpisah dan terlalu jauh untuk langsung diasumsikan berkontribusi; hanya titik pembanding sampai konektivitas DAS dikonfirmasi.,07:00,6,6.0,cukup,"CMA,ECMWF,GFS,ICON,METEOFRANCE,UKMO",Berawan,85.4,Tinggi,17.7,+/-1.29,96.83,+/-2.11,0.0,+/-0.0,17.7,+/-1.29,16.7,0.0,83.3,0.0,0.0,0.0,1.29,2.11,0.0,1.29,7,0.8571,0.0,0.0
gpm_grid_tamatue,GPM Grid TamaTue,2026-07-19,11.17.05.2002,Bale Redelong,external_comparison,yes,4.649902718619309,96.85017949357464,Asia/Jakarta,Forecast Redelong representative point. BMKG ADM4 reference: 11.17.05.2002 (Bale Redelong). Initial BMKG reference for catchment grid Spatial role: external_comparison. Grid terpisah dan terlalu jauh untuk langsung diasumsikan berkontribusi; hanya titik pembanding sampai konektivitas DAS dikonfirmasi.,08:00,6,6.0,cukup,"CMA,ECMWF,GFS,ICON,METEOFRANCE,UKMO",Berawan,77.1,Sedang,19.3,+/-0.9,93.67,+/-2.13,0.13,+/-0.26,19.3,+/-0.9,0.0,16.7,50.0,33.3,0.0,0.0,0.9,2.13,0.26,0.9,7,0.8571,0.0,0.0
gpm_grid_tamatue,GPM Grid TamaTue,2026-07-19,11.17.05.2002,Bale Redelong,external_comparison,yes,4.649902718619309,96.85017949357464,Asia/Jakarta,Forecast Redelong representative point. BMKG ADM4 reference: 11.17.05.2002 (Bale Redelong). Initial BMKG reference for catchment grid Spatial role: external_comparison. Grid terpisah dan terlalu jauh untuk langsung diasumsikan berkontribusi; hanya titik pembanding sampai konektivitas DAS dikonfirmasi.,09:00,6,6.0,cukup,"CMA,ECMWF,GFS,ICON,METEOFRANCE,UKMO",Hujan Ringan,81.4,Tinggi,20.87,+/-0.62,87.5,+/-4.75,0.05,+/-0.05,20.87,+/-0.62,0.0,16.7,16.7,66.7,0.0,0.0,0.62,4.75,0.05,0.62,7,0.8571,0.0,0.0
gpm_grid_tamatue,GPM Grid TamaTue,2026-07-19,11.17.05.2002,Bale Redelong,external_comparison,yes,4.649902718619309,96.85017949357464,Asia/Jakarta,Forecast Redelong representative point. BMKG ADM4 reference: 11.17.05.2002 (Bale Redelong). Initial BMKG reference for catchment grid Spatial role: external_comparison. Grid terpisah dan terlalu jauh untuk langsung diasumsikan berkontribusi; hanya titik pembanding sampai konektivitas DAS dikonfirmasi.,10:00,6,6.0,cukup,"CMA,ECMWF,GFS,ICON,METEOFRANCE,UKMO",Hujan Ringan,81.0,Tinggi,22.17,+/-0.8,82.17,+/-7.99,0.05,+/-0.05,22.17,+/-0.8,0.0,0.0,33.3,66.7,0.0,0.0,0.8,7.99,0.05,0.8,7,0.8571,0.0,0.0
gpm_grid_tamatue,GPM Grid TamaTue,2026-07-19,11.17.05.2002,Bale Redelong,external_comparison,yes,4.649902718619309,96.85017949357464,Asia/Jakarta,Forecast Redelong representative point. BMKG ADM4 reference: 11.17.05.2002 (Bale Redelong). Initial BMKG reference for catchment grid Spatial role: external_comparison. Grid terpisah dan terlalu jauh untuk langsung diasumsikan berkontribusi; hanya titik pembanding sampai konektivitas DAS dikonfirmasi.,11:00,6,6.0,cukup,"CMA,ECMWF,GFS,ICON,METEOFRANCE,UKMO",Hujan Ringan,84.9,Tinggi,22.88,+/-1.11,78.33,+/-7.99,0.26,+/-0.19,22.88,+/-1.11,0.0,0.0,16.7,83.3,0.0,0.0,1.11,7.99,0.19,1.11,7,0.8571,0.0,0.0
gpm_grid_tamatue,GPM Grid TamaTue,2026-07-19,11.17.05.2002,Bale Redelong,external_comparison,yes,4.649902718619309,96.85017949357464,Asia/Jakarta,Forecast Redelong representative point. BMKG ADM4 reference: 11.17.05.2002 (Bale Redelong). Initial BMKG reference for catchment grid Spatial role: external_comparison. Grid terpisah dan terlalu jauh untuk langsung diasumsikan berkontribusi; hanya titik pembanding sampai konektivitas DAS dikonfirmasi.,12:00,7,6.6868,cukup,"BMKG,CMA,ECMWF,GFS,ICON,METEOFRANCE,UKMO",Hujan Ringan,92.1,Tinggi,22.59,+/-1.88,79.94,+/-9.19,0.42,+/-0.37,22.59,+/-1.88,0.0,0.0,15.0,85.0,0.0,0.0,1.88,9.19,0.37,1.88,7,1.0,25.71,180.0
gpm_grid_tamatue,GPM Grid TamaTue,2026-07-19,11.17.05.2002,Bale Redelong,external_comparison,yes,4.649902718619309,96.85017949357464,Asia/Jakarta,Forecast Redelong representative point. BMKG ADM4 reference: 11.17.05.2002 (Bale Redelong). Initial BMKG reference for catchment grid Spatial role: external_comparison. Grid terpisah dan terlalu jauh untuk langsung diasumsikan berkontribusi; hanya titik pembanding sampai konektivitas DAS dikonfirmasi.,13:00,7,6.6868,cukup,"BMKG,CMA,ECMWF,GFS,ICON,METEOFRANCE,UKMO",Hujan Ringan,91.5,Tinggi,22.23,+/-2.22,83.23,+/-10.9,1.02,+/-0.8,22.23,+/-2.22,0.0,0.0,15.0,85.0,0.0,0.0,2.22,10.9,0.8,2.22,7,1.0,17.14,120.0
gpm_grid_tamatue,GPM Grid TamaTue,2026-07-19,11.17.05.2002,Bale Redelong,external_comparison,yes,4.649902718619309,96.85017949357464,Asia/Jakarta,Forecast Redelong representative point. BMKG ADM4 reference: 11.17.05.2002 (Bale Redelong). Initial BMKG reference for catchment grid Spatial role: external_comparison. Grid terpisah dan terlalu jauh untuk langsung diasumsikan berkontribusi; hanya titik pembanding sampai konektivitas DAS dikonfirmasi.,14:00,7,6.9366,cukup,"BMKG,CMA,ECMWF,GFS,ICON,METEOFRANCE,UKMO",Hujan Ringan,85.8,Tinggi,22.0,+/-1.86,88.95,+/-3.54,1.95,+/-1.0,22.0,+/-1.86,0.0,0.0,0.0,56.8,43.2,0.0,1.86,3.54,1.0,1.86,7,1.0,8.57,60.0
gpm_grid_tamatue,GPM Grid TamaTue,2026-07-19,11.17.05.2002,Bale Redelong,external_comparison,yes,4.649902718619309,96.85017949357464,Asia/Jakarta,Forecast Redelong representative point. BMKG ADM4 reference: 11.17.05.2002 (Bale Redelong). Initial BMKG reference for catchment grid Spatial role: external_comparison. Grid terpisah dan terlalu jauh untuk langsung diasumsikan berkontribusi; hanya titik pembanding sampai konektivitas DAS dikonfirmasi.,15:00,7,7.2488,cukup,"BMKG,CMA,ECMWF,GFS,ICON,METEOFRANCE,UKMO",Hujan Sedang,90.3,Tinggi,21.36,+/-1.4,91.12,+/-2.53,3.43,+/-0.95,21.36,+/-1.4,0.0,0.0,0.0,17.2,69.0,13.8,1.4,2.53,0.95,1.4,7,1.0,0.0,0.0
gpm_grid_tamatue,GPM Grid TamaTue,2026-07-19,11.17.05.2002,Bale Redelong,external_comparison,yes,4.649902718619309,96.85017949357464,Asia/Jakarta,Forecast Redelong representative point. BMKG ADM4 reference: 11.17.05.2002 (Bale Redelong). Initial BMKG reference for catchment grid Spatial role: external_comparison. Grid terpisah dan terlalu jauh untuk langsung diasumsikan berkontribusi; hanya titik pembanding sampai konektivitas DAS dikonfirmasi.,16:00,7,6.9366,cukup,"BMKG,CMA,ECMWF,GFS,ICON,METEOFRANCE,UKMO",Hujan Sedang,85.9,Tinggi,20.92,+/-1.13,91.12,+/-3.32,3.28,+/-1.7,20.92,+/-1.13,0.0,0.0,0.0,27.9,57.7,14.4,1.13,3.32,1.7,1.13,7,1.0,8.57,60.0
gpm_grid_tamatue,GPM Grid TamaTue,2026-07-19,11.17.05.2002,Bale Redelong,external_comparison,yes,4.649902718619309,96.85017949357464,Asia/Jakarta,Forecast Redelong representative point. BMKG ADM4 reference: 11.17.05.2002 (Bale Redelong). Initial BMKG reference for catchment grid Spatial role: external_comparison. Grid terpisah dan terlalu jauh untuk langsung diasumsikan berkontribusi; hanya titik pembanding sampai konektivitas DAS dikonfirmasi.,17:00,7,6.9366,cukup,"BMKG,CMA,ECMWF,GFS,ICON,METEOFRANCE,UKMO",Hujan Ringan,79.0,Sedang,20.98,+/-0.04,92.1,+/-4.11,2.47,+/-1.97,20.98,+/-0.04,0.0,14.4,13.5,28.8,28.8,14.4,0.04,4.11,1.97,0.04,7,1.0,8.57,60.0
gpm_grid_tamatue,GPM Grid TamaTue,2026-07-19,11.17.05.2002,Bale Redelong,external_comparison,yes,4.649902718619309,96.85017949357464,Asia/Jakarta,Forecast Redelong representative point. BMKG ADM4 reference: 11.17.05.2002 (Bale Redelong). Initial BMKG reference for catchment grid Spatial role: external_comparison. Grid terpisah dan terlalu jauh untuk langsung diasumsikan berkontribusi; hanya titik pembanding sampai konektivitas DAS dikonfirmasi.,18:00,7,7.2488,cukup,"BMKG,CMA,ECMWF,GFS,ICON,METEOFRANCE,UKMO",Hujan Ringan,90.9,Tinggi,19.93,+/-1.14,94.92,+/-1.87,1.18,+/-0.34,19.93,+/-1.14,0.0,0.0,17.2,69.0,13.8,0.0,1.14,1.87,0.34,1.14,7,1.0,0.0,0.0
gpm_grid_tamatue,GPM Grid TamaTue,2026-07-19,11.17.05.2002,Bale Redelong,external_comparison,yes,4.649902718619309,96.85017949357464,Asia/Jakarta,Forecast Redelong representative point. BMKG ADM4 reference: 11.17.05.2002 (Bale Redelong). Initial BMKG reference for catchment grid Spatial role: external_comparison. Grid terpisah dan terlalu jauh untuk langsung diasumsikan berkontribusi; hanya titik pembanding sampai konektivitas DAS dikonfirmasi.,19:00,7,6.9366,cukup,"BMKG,CMA,ECMWF,GFS,ICON,METEOFRANCE,UKMO",Hujan Ringan,90.5,Tinggi,19.37,+/-1.17,95.13,+/-1.81,1.17,+/-0.58,19.37,+/-1.17,0.0,0.0,27.9,72.1,0.0,0.0,1.17,1.81,0.58,1.17,7,1.0,8.57,60.0
gpm_grid_tamatue,GPM Grid TamaTue,2026-07-19,11.17.05.2002,Bale Redelong,external_comparison,yes,4.649902718619309,96.85017949357464,Asia/Jakarta,Forecast Redelong representative point. BMKG ADM4 reference: 11.17.05.2002 (Bale Redelong). Initial BMKG reference for catchment grid Spatial role: external_comparison. Grid terpisah dan terlalu jauh untuk langsung diasumsikan berkontribusi; hanya titik pembanding sampai konektivitas DAS dikonfirmasi.,20:00,7,6.9366,cukup,"BMKG,CMA,ECMWF,GFS,ICON,METEOFRANCE,UKMO",Hujan Ringan,86.7,Tinggi,18.92,+/-1.33,96.42,+/-1.85,0.77,+/-0.68,18.92,+/-1.33,13.5,0.0,28.8,57.7,0.0,0.0,1.33,1.85,0.68,1.33,7,1.0,8.57,60.0
gpm_grid_tamatue,GPM Grid TamaTue,2026-07-19,11.17.05.2002,Bale Redelong,external_comparison,yes,4.649902718619309,96.85017949357464,Asia/Jakarta,Forecast Redelong representative point. BMKG ADM4 reference: 11.17.05.2002 (Bale Redelong). Initial BMKG reference for catchment grid Spatial role: external_comparison. Grid terpisah dan terlalu jauh untuk langsung diasumsikan berkontribusi; hanya titik pembanding sampai konektivitas DAS dikonfirmasi.,21:00,7,7.2488,cukup,"BMKG,CMA,ECMWF,GFS,ICON,METEOFRANCE,UKMO",Hujan Ringan,87.4,Tinggi,18.67,+/-1.32,97.0,+/-1.97,0.35,+/-0.29,18.67,+/-1.32,17.2,0.0,27.6,55.2,0.0,0.0,1.32,1.97,0.29,1.32,7,1.0,0.0,0.0
gpm_grid_tamatue,GPM Grid TamaTue,2026-07-19,11.17.05.2002,Bale Redelong,external_comparison,yes,4.649902718619309,96.85017949357464,Asia/Jakarta,Forecast Redelong representative point. BMKG ADM4 reference: 11.17.05.2002 (Bale Redelong). Initial BMKG reference for catchment grid Spatial role: external_comparison. Grid terpisah dan terlalu jauh untuk langsung diasumsikan berkontribusi; hanya titik pembanding sampai konektivitas DAS dikonfirmasi.,22:00,7,6.9366,cukup,"BMKG,CMA,ECMWF,GFS,ICON,METEOFRANCE,UKMO",Hujan Ringan,83.5,Tinggi,18.4,+/-1.35,97.14,+/-1.82,0.06,+/-0.08,18.4,+/-1.35,13.5,0.0,43.2,43.2,0.0,0.0,1.35,1.82,0.08,1.35,7,1.0,8.57,60.0
gpm_grid_tamatue,GPM Grid TamaTue,2026-07-19,11.17.05.2002,Bale Redelong,external_comparison,yes,4.649902718619309,96.85017949357464,Asia/Jakarta,Forecast Redelong representative point. BMKG ADM4 reference: 11.17.05.2002 (Bale Redelong). Initial BMKG reference for catchment grid Spatial role: external_comparison. Grid terpisah dan terlalu jauh untuk langsung diasumsikan berkontribusi; hanya titik pembanding sampai konektivitas DAS dikonfirmasi.,23:00,7,6.6868,cukup,"BMKG,CMA,ECMWF,GFS,ICON,METEOFRANCE,UKMO",Berawan,83.1,Tinggi,18.18,+/-1.41,97.3,+/-1.7,0.05,+/-0.09,18.18,+/-1.41,10.3,0.0,44.9,29.9,15.0,0.0,1.41,1.7,0.09,1.41,7,1.0,17.14,120.0
gpm_grid_tamatue,GPM Grid TamaTue,2026-07-20,11.17.05.2002,Bale Redelong,external_comparison,yes,4.649902718619309,96.85017949357464,Asia/Jakarta,Forecast Redelong representative point. BMKG ADM4 reference: 11.17.05.2002 (Bale Redelong). Initial BMKG reference for catchment grid Spatial role: external_comparison. Grid terpisah dan terlalu jauh untuk langsung diasumsikan berkontribusi; hanya titik pembanding sampai konektivitas DAS dikonfirmasi.,00:00,7,7.216,cukup,"BMKG,CMA,ECMWF,GFS,ICON,METEOFRANCE,UKMO",Hujan Ringan,83.9,Tinggi,17.76,+/-1.56,97.25,+/-1.66,0.07,+/-0.13,17.76,+/-1.56,0.0,30.7,27.7,41.6,0.0,0.0,1.56,1.66,0.13,1.56,7,1.0,0.0,0.0
gpm_grid_tamatue,GPM Grid TamaTue,2026-07-20,11.17.05.2002,Bale Redelong,external_comparison,yes,4.649902718619309,96.85017949357464,Asia/Jakarta,Forecast Redelong representative point. BMKG ADM4 reference: 11.17.05.2002 (Bale Redelong). Initial BMKG reference for catchment grid Spatial role: external_comparison. Grid terpisah dan terlalu jauh untuk langsung diasumsikan berkontribusi; hanya titik pembanding sampai konektivitas DAS dikonfirmasi.,01:00,7,6.912,cukup,"BMKG,CMA,ECMWF,GFS,ICON,METEOFRANCE,UKMO",Hujan Ringan,83.1,Tinggi,17.65,+/-1.58,97.16,+/-1.46,0.32,+/-0.44,17.65,+/-1.58,0.0,27.7,28.9,43.4,0.0,0.0,1.58,1.46,0.44,1.58,7,1.0,8.57,60.0
gpm_grid_tamatue,GPM Grid TamaTue,2026-07-20,11.17.05.2002,Bale Redelong,external_comparison,yes,4.649902718619309,96.85017949357464,Asia/Jakarta,Forecast Redelong representative point. BMKG ADM4 reference: 11.17.05.2002 (Bale Redelong). Initial BMKG reference for catchment grid Spatial role: external_comparison. Grid terpisah dan terlalu jauh untuk langsung diasumsikan berkontribusi; hanya titik pembanding sampai konektivitas DAS dikonfirmasi.,02:00,7,6.912,cukup,"BMKG,CMA,ECMWF,GFS,ICON,METEOFRANCE,UKMO",Hujan Ringan,83.3,Tinggi,17.4,+/-1.74,97.28,+/-1.28,0.14,+/-0.17,17.4,+/-1.74,0.0,28.9,27.7,43.4,0.0,0.0,1.74,1.28,0.17,1.74,7,1.0,8.57,60.0
gpm_grid_tamatue,GPM Grid TamaTue,2026-07-20,11.17.05.2002,Bale Redelong,external_comparison,yes,4.649902718619309,96.85017949357464,Asia/Jakarta,Forecast Redelong representative point. BMKG ADM4 reference: 11.17.05.2002 (Bale Redelong). Initial BMKG reference for catchment grid Spatial role: external_comparison. Grid terpisah dan terlalu jauh untuk langsung diasumsikan berkontribusi; hanya titik pembanding sampai konektivitas DAS dikonfirmasi.,03:00,7,7.216,cukup,"BMKG,CMA,ECMWF,GFS,ICON,METEOFRANCE,UKMO",Berawan,84.7,Tinggi,17.19,+/-1.72,97.45,+/-0.9,0.03,+/-0.04,17.19,+/-1.72,0.0,13.9,44.6,41.6,0.0,0.0,1.72,0.9,0.04,1.72,7,1.0,0.0,0.0
gpm_grid_tamatue,GPM Grid TamaTue,2026-07-20,11.17.05.2002,Bale Redelong,external_comparison,yes,4.649902718619309,96.85017949357464,Asia/Jakarta,Forecast Redelong representative point. BMKG ADM4 reference: 11.17.05.2002 (Bale Redelong). Initial BMKG reference for catchment grid Spatial role: external_comparison. Grid terpisah dan terlalu jauh untuk langsung diasumsikan berkontribusi; hanya titik pembanding sampai konektivitas DAS dikonfirmasi.,04:00,7,6.912,cukup,"BMKG,CMA,ECMWF,GFS,ICON,METEOFRANCE,UKMO",Berawan,86.4,Tinggi,17.14,+/-1.65,97.71,+/-0.89,0.32,+/-0.55,17.14,+/-1.65,14.5,0.0,56.6,28.9,0.0,0.0,1.65,0.89,0.55,1.65,7,1.0,8.57,60.0
gpm_grid_tamatue,GPM Grid TamaTue,2026-07-20,11.17.05.2002,Bale Redelong,external_comparison,yes,4.649902718619309,96.85017949357464,Asia/Jakarta,Forecast Redelong representative point. BMKG ADM4 reference: 11.17.05.2002 (Bale Redelong). Initial BMKG reference for catchment grid Spatial role: external_comparison. Grid terpisah dan terlalu jauh untuk langsung diasumsikan berkontribusi; hanya titik pembanding sampai konektivitas DAS dikonfirmasi.,05:00,7,6.912,cukup,"BMKG,CMA,ECMWF,GFS,ICON,METEOFRANCE,UKMO",Berawan,79.8,Sedang,16.66,+/-0.94,96.75,+/-1.36,0.25,+/-0.52,16.66,+/-0.94,14.5,27.7,28.9,28.9,0.0,0.0,0.94,1.36,0.52,0.94,7,1.0,8.57,60.0
gpm_grid_tamatue,GPM Grid TamaTue,2026-07-20,11.17.05.2002,Bale Redelong,external_comparison,yes,4.649902718619309,96.85017949357464,Asia/Jakarta,Forecast Redelong representative point. BMKG ADM4 reference: 11.17.05.2002 (Bale Redelong). Initial BMKG reference for catchment grid Spatial role: external_comparison. Grid terpisah dan terlalu jauh untuk langsung diasumsikan berkontribusi; hanya titik pembanding sampai konektivitas DAS dikonfirmasi.,06:00,7,7.216,cukup,"BMKG,CMA,ECMWF,GFS,ICON,METEOFRANCE,UKMO",Cerah Berawan,81.5,Tinggi,16.55,+/-0.97,96.36,+/-1.7,0.1,+/-0.18,16.55,+/-0.97,13.9,30.7,27.7,27.7,0.0,0.0,0.97,1.7,0.18,0.97,7,1.0,0.0,0.0
gpm_grid_tamatue,GPM Grid TamaTue,2026-07-20,11.17.05.2002,Bale Redelong,external_comparison,yes,4.649902718619309,96.85017949357464,Asia/Jakarta,Forecast Redelong representative point. BMKG ADM4 reference: 11.17.05.2002 (Bale Redelong). Initial BMKG reference for catchment grid Spatial role: external_comparison. Grid terpisah dan terlalu jauh untuk langsung diasumsikan berkontribusi; hanya titik pembanding sampai konektivitas DAS dikonfirmasi.,07:00,7,6.912,cukup,"BMKG,CMA,ECMWF,GFS,ICON,METEOFRANCE,UKMO",Berawan,87.1,Tinggi,17.32,+/-1.39,95.88,+/-2.24,0.0,+/-0.0,17.32,+/-1.39,14.5,27.7,57.9,0.0,0.0,0.0,1.39,2.24,0.0,1.39,7,1.0,8.57,60.0
gpm_grid_tamatue,GPM Grid TamaTue,2026-07-20,11.17.05.2002,Bale Redelong,external_comparison,yes,4.649902718619309,96.85017949357464,Asia/Jakarta,Forecast Redelong representative point. BMKG ADM4 reference: 11.17.05.2002 (Bale Redelong). Initial BMKG reference for catchment grid Spatial role: external_comparison. Grid terpisah dan terlalu jauh untuk langsung diasumsikan berkontribusi; hanya titik pembanding sampai konektivitas DAS dikonfirmasi.,08:00,7,6.912,cukup,"BMKG,CMA,ECMWF,GFS,ICON,METEOFRANCE,UKMO",Berawan,87.2,Tinggi,19.15,+/-1.23,94.33,+/-1.11,0.05,+/-0.11,19.15,+/-1.23,27.7,0.0,57.9,14.5,0.0,0.0,1.23,1.11,0.11,1.23,7,1.0,8.57,60.0
gpm_grid_tamatue,GPM Grid TamaTue,2026-07-20,11.17.05.2002,Bale Redelong,external_comparison,yes,4.649902718619309,96.85017949357464,Asia/Jakarta,Forecast Redelong representative point. BMKG ADM4 reference: 11.17.05.2002 (Bale Redelong). Initial BMKG reference for catchment grid Spatial role: external_comparison. Grid terpisah dan terlalu jauh untuk langsung diasumsikan berkontribusi; hanya titik pembanding sampai konektivitas DAS dikonfirmasi.,09:00,7,7.216,cukup,"BMKG,CMA,ECMWF,GFS,ICON,METEOFRANCE,UKMO",Berawan,84.0,Tinggi,20.4,+/-0.98,87.01,+/-4.99,0.1,+/-0.14,20.4,+/-0.98,16.9,13.9,41.6,27.7,0.0,0.0,0.98,4.99,0.14,0.98,7,1.0,0.0,0.0
gpm_grid_tamatue,GPM Grid TamaTue,2026-07-20,11.17.05.2002,Bale Redelong,external_comparison,yes,4.649902718619309,96.85017949357464,Asia/Jakarta,Forecast Redelong representative point. BMKG ADM4 reference: 11.17.05.2002 (Bale Redelong). Initial BMKG reference for catchment grid Spatial role: external_comparison. Grid terpisah dan terlalu jauh untuk langsung diasumsikan berkontribusi; hanya titik pembanding sampai konektivitas DAS dikonfirmasi.,10:00,7,6.912,cukup,"BMKG,CMA,ECMWF,GFS,ICON,METEOFRANCE,UKMO",Berawan,83.4,Tinggi,21.49,+/-1.0,82.63,+/-4.78,0.08,+/-0.12,21.49,+/-1.0,27.7,0.0,43.4,28.9,0.0,0.0,1.0,4.78,0.12,1.0,7,1.0,8.57,60.0
gpm_grid_tamatue,GPM Grid TamaTue,2026-07-20,11.17.05.2002,Bale Redelong,external_comparison,yes,4.649902718619309,96.85017949357464,Asia/Jakarta,Forecast Redelong representative point. BMKG ADM4 reference: 11.17.05.2002 (Bale Redelong). Initial BMKG reference for catchment grid Spatial role: external_comparison. Grid terpisah dan terlalu jauh untuk langsung diasumsikan berkontribusi; hanya titik pembanding sampai konektivitas DAS dikonfirmasi.,11:00,7,6.912,cukup,"BMKG,CMA,ECMWF,GFS,ICON,METEOFRANCE,UKMO",Hujan Ringan,83.3,Tinggi,23.12,+/-0.84,74.27,+/-7.31,0.06,+/-0.08,23.12,+/-0.84,13.2,14.5,28.9,43.4,0.0,0.0,0.84,7.31,0.08,0.84,7,1.0,8.57,60.0
gpm_grid_tamatue,GPM Grid TamaTue,2026-07-20,11.17.05.2002,Bale Redelong,external_comparison,yes,4.649902718619309,96.85017949357464,Asia/Jakarta,Forecast Redelong representative point. BMKG ADM4 reference: 11.17.05.2002 (Bale Redelong). Initial BMKG reference for catchment grid Spatial role: external_comparison. Grid terpisah dan terlalu jauh untuk langsung diasumsikan berkontribusi; hanya titik pembanding sampai konektivitas DAS dikonfirmasi.,12:00,7,7.216,cukup,"BMKG,CMA,ECMWF,GFS,ICON,METEOFRANCE,UKMO",Hujan Ringan,84.3,Tinggi,24.5,+/-0.5,64.32,+/-4.49,0.04,+/-0.05,24.5,+/-0.5,16.9,0.0,41.6,41.6,0.0,0.0,0.5,4.49,0.05,0.5,7,1.0,0.0,0.0
gpm_grid_tamatue,GPM Grid TamaTue,2026-07-20,11.17.05.2002,Bale Redelong,external_comparison,yes,4.649902718619309,96.85017949357464,Asia/Jakarta,Forecast Redelong representative point. BMKG ADM4 reference: 11.17.05.2002 (Bale Redelong). Initial BMKG reference for catchment grid Spatial role: external_comparison. Grid terpisah dan terlalu jauh untuk langsung diasumsikan berkontribusi; hanya titik pembanding sampai konektivitas DAS dikonfirmasi.,13:00,7,6.912,cukup,"BMKG,CMA,ECMWF,GFS,ICON,METEOFRANCE,UKMO",Hujan Ringan,86.5,Tinggi,24.3,+/-1.27,66.31,+/-10.33,0.06,+/-0.05,24.3,+/-1.27,13.2,0.0,28.9,57.9,0.0,0.0,1.27,10.33,0.05,1.27,7,1.0,8.57,60.0
gpm_grid_tamatue,GPM Grid TamaTue,2026-07-20,11.17.05.2002,Bale Redelong,external_comparison,yes,4.649902718619309,96.85017949357464,Asia/Jakarta,Forecast Redelong representative point. BMKG ADM4 reference: 11.17.05.2002 (Bale Redelong). Initial BMKG reference for catchment grid Spatial role: external_comparison. Grid terpisah dan terlalu jauh untuk langsung diasumsikan berkontribusi; hanya titik pembanding sampai konektivitas DAS dikonfirmasi.,14:00,7,6.912,cukup,"BMKG,CMA,ECMWF,GFS,ICON,METEOFRANCE,UKMO",Hujan Ringan,89.5,Tinggi,23.65,+/-1.81,70.98,+/-10.99,0.08,+/-0.07,23.65,+/-1.81,0.0,14.5,14.5,71.1,0.0,0.0,1.81,10.99,0.07,1.81,7,1.0,8.57,60.0
gpm_grid_tamatue,GPM Grid TamaTue,2026-07-20,11.17.05.2002,Bale Redelong,external_comparison,yes,4.649902718619309,96.85017949357464,Asia/Jakarta,Forecast Redelong representative point. BMKG ADM4 reference: 11.17.05.2002 (Bale Redelong). Initial BMKG reference for catchment grid Spatial role: external_comparison. Grid terpisah dan terlalu jauh untuk langsung diasumsikan berkontribusi; hanya titik pembanding sampai konektivitas DAS dikonfirmasi.,15:00,7,7.216,cukup,"BMKG,CMA,ECMWF,GFS,ICON,METEOFRANCE,UKMO",Hujan Ringan,94.1,Tinggi,22.79,+/-2.06,77.07,+/-10.25,0.3,+/-0.22,22.79,+/-2.06,0.0,0.0,13.9,86.1,0.0,0.0,2.06,10.25,0.22,2.06,7,1.0,0.0,0.0
gpm_grid_tamatue,GPM Grid TamaTue,2026-07-20,11.17.05.2002,Bale Redelong,external_comparison,yes,4.649902718619309,96.85017949357464,Asia/Jakarta,Forecast Redelong representative point. BMKG ADM4 reference: 11.17.05.2002 (Bale Redelong). Initial BMKG reference for catchment grid Spatial role: external_comparison. Grid terpisah dan terlalu jauh untuk langsung diasumsikan berkontribusi; hanya titik pembanding sampai konektivitas DAS dikonfirmasi.,16:00,7,6.912,cukup,"BMKG,CMA,ECMWF,GFS,ICON,METEOFRANCE,UKMO",Hujan Ringan,96.5,Tinggi,21.97,+/-1.79,82.12,+/-7.93,0.92,+/-0.74,21.97,+/-1.79,0.0,0.0,0.0,100.0,0.0,0.0,1.79,7.93,0.74,1.79,7,1.0,8.57,60.0
gpm_grid_tamatue,GPM Grid TamaTue,2026-07-20,11.17.05.2002,Bale Redelong,external_comparison,yes,4.649902718619309,96.85017949357464,Asia/Jakarta,Forecast Redelong representative point. BMKG ADM4 reference: 11.17.05.2002 (Bale Redelong). Initial BMKG reference for catchment grid Spatial role: external_comparison. Grid terpisah dan terlalu jauh untuk langsung diasumsikan berkontribusi; hanya titik pembanding sampai konektivitas DAS dikonfirmasi.,17:00,7,6.912,cukup,"BMKG,CMA,ECMWF,GFS,ICON,METEOFRANCE,UKMO",Hujan Ringan,82.0,Tinggi,20.85,+/-2.03,87.92,+/-7.48,1.27,+/-0.98,20.85,+/-2.03,0.0,13.2,14.5,43.4,14.5,14.5,2.03,7.48,0.98,2.03,7,1.0,8.57,60.0
gpm_grid_tamatue,GPM Grid TamaTue,2026-07-20,11.17.05.2002,Bale Redelong,external_comparison,yes,4.649902718619309,96.85017949357464,Asia/Jakarta,Forecast Redelong representative point. BMKG ADM4 reference: 11.17.05.2002 (Bale Redelong). Initial BMKG reference for catchment grid Spatial role: external_comparison. Grid terpisah dan terlalu jauh untuk langsung diasumsikan berkontribusi; hanya titik pembanding sampai konektivitas DAS dikonfirmasi.,18:00,7,7.216,cukup,"BMKG,CMA,ECMWF,GFS,ICON,METEOFRANCE,UKMO",Hujan Ringan,86.7,Tinggi,19.97,+/-1.73,94.32,+/-2.32,1.25,+/-0.84,19.97,+/-1.73,0.0,16.9,0.0,55.4,13.9,13.9,1.73,2.32,0.84,1.73,7,1.0,0.0,0.0
gpm_grid_tamatue,GPM Grid TamaTue,2026-07-20,11.17.05.2002,Bale Redelong,external_comparison,yes,4.649902718619309,96.85017949357464,Asia/Jakarta,Forecast Redelong representative point. BMKG ADM4 reference: 11.17.05.2002 (Bale Redelong). Initial BMKG reference for catchment grid Spatial role: external_comparison. Grid terpisah dan terlalu jauh untuk langsung diasumsikan berkontribusi; hanya titik pembanding sampai konektivitas DAS dikonfirmasi.,19:00,7,6.912,cukup,"BMKG,CMA,ECMWF,GFS,ICON,METEOFRANCE,UKMO",Hujan Ringan,82.8,Tinggi,19.43,+/-1.46,96.54,+/-1.48,1.23,+/-0.99,19.43,+/-1.46,0.0,13.2,14.5,43.4,14.5,14.5,1.46,1.48,0.99,1.46,7,1.0,8.57,60.0
gpm_grid_tamatue,GPM Grid TamaTue,2026-07-20,11.17.05.2002,Bale Redelong,external_comparison,yes,4.649902718619309,96.85017949357464,Asia/Jakarta,Forecast Redelong representative point. BMKG ADM4 reference: 11.17.05.2002 (Bale Redelong). Initial BMKG reference for catchment grid Spatial role: external_comparison. Grid terpisah dan terlalu jauh untuk langsung diasumsikan berkontribusi; hanya titik pembanding sampai konektivitas DAS dikonfirmasi.,20:00,7,6.912,cukup,"BMKG,CMA,ECMWF,GFS,ICON,METEOFRANCE,UKMO",Hujan Ringan,86.8,Tinggi,19.03,+/-1.54,96.05,+/-2.7,0.42,+/-0.33,19.03,+/-1.54,0.0,13.2,28.9,57.9,0.0,0.0,1.54,2.7,0.33,1.54,7,1.0,8.57,60.0
gpm_grid_tamatue,GPM Grid TamaTue,2026-07-20,11.17.05.2002,Bale Redelong,external_comparison,yes,4.649902718619309,96.85017949357464,Asia/Jakarta,Forecast Redelong representative point. BMKG ADM4 reference: 11.17.05.2002 (Bale Redelong). Initial BMKG reference for catchment grid Spatial role: external_comparison. Grid terpisah dan terlalu jauh untuk langsung diasumsikan berkontribusi; hanya titik pembanding sampai konektivitas DAS dikonfirmasi.,21:00,7,7.216,cukup,"BMKG,CMA,ECMWF,GFS,ICON,METEOFRANCE,UKMO",Hujan Ringan,84.0,Tinggi,18.51,+/-1.49,96.3,+/-2.41,0.03,+/-0.04,18.51,+/-1.49,0.0,16.9,41.6,41.6,0.0,0.0,1.49,2.41,0.04,1.49,7,1.0,0.0,0.0
gpm_grid_tamatue,GPM Grid TamaTue,2026-07-20,11.17.05.2002,Bale Redelong,external_comparison,yes,4.649902718619309,96.85017949357464,Asia/Jakarta,Forecast Redelong representative point. BMKG ADM4 reference: 11.17.05.2002 (Bale Redelong). Initial BMKG reference for catchment grid Spatial role: external_comparison. Grid terpisah dan terlalu jauh untuk langsung diasumsikan berkontribusi; hanya titik pembanding sampai konektivitas DAS dikonfirmasi.,22:00,7,6.912,cukup,"BMKG,CMA,ECMWF,GFS,ICON,METEOFRANCE,UKMO",Berawan,90.5,Tinggi,18.26,+/-1.52,96.77,+/-2.2,0.08,+/-0.19,18.26,+/-1.52,0.0,13.2,72.3,14.5,0.0,0.0,1.52,2.2,0.19,1.52,7,1.0,8.57,60.0
gpm_grid_tamatue,GPM Grid TamaTue,2026-07-20,11.17.05.2002,Bale Redelong,external_comparison,yes,4.649902718619309,96.85017949357464,Asia/Jakarta,Forecast Redelong representative point. BMKG ADM4 reference: 11.17.05.2002 (Bale Redelong). Initial BMKG reference for catchment grid Spatial role: external_comparison. Grid terpisah dan terlalu jauh untuk langsung diasumsikan berkontribusi; hanya titik pembanding sampai konektivitas DAS dikonfirmasi.,23:00,7,6.6688,cukup,"BMKG,CMA,ECMWF,GFS,ICON,METEOFRANCE,UKMO",Berawan,90.5,Tinggi,18.2,+/-1.43,97.55,+/-2.38,0.0,+/-0.0,18.2,+/-1.43,0.0,25.0,75.0,0.0,0.0,0.0,1.43,2.38,0.0,1.43,7,1.0,17.14,120.0
gpm_grid_tamatue,GPM Grid TamaTue,2026-07-21,11.17.05.2002,Bale Redelong,external_comparison,yes,4.649902718619309,96.85017949357464,Asia/Jakarta,Forecast Redelong representative point. BMKG ADM4 reference: 11.17.05.2002 (Bale Redelong). Initial BMKG reference for catchment grid Spatial role: external_comparison. Grid terpisah dan terlalu jauh untuk langsung diasumsikan berkontribusi; hanya titik pembanding sampai konektivitas DAS dikonfirmasi.,00:00,7,7.2274,cukup,"BMKG,CMA,ECMWF,GFS,ICON,METEOFRANCE,UKMO",Berawan,87.5,Tinggi,17.67,+/-1.57,97.6,+/-2.25,0.0,+/-0.0,17.67,+/-1.57,0.0,44.7,55.3,0.0,0.0,0.0,1.57,2.25,0.0,1.57,7,1.0,0.0,0.0
gpm_grid_tamatue,GPM Grid TamaTue,2026-07-21,11.17.05.2002,Bale Redelong,external_comparison,yes,4.649902718619309,96.85017949357464,Asia/Jakarta,Forecast Redelong representative point. BMKG ADM4 reference: 11.17.05.2002 (Bale Redelong). Initial BMKG reference for catchment grid Spatial role: external_comparison. Grid terpisah dan terlalu jauh untuk langsung diasumsikan berkontribusi; hanya titik pembanding sampai konektivitas DAS dikonfirmasi.,01:00,7,6.9205,cukup,"BMKG,CMA,ECMWF,GFS,ICON,METEOFRANCE,UKMO",Berawan,90.6,Tinggi,17.52,+/-1.58,98.05,+/-2.17,0.0,+/-0.0,17.52,+/-1.58,0.0,27.8,72.2,0.0,0.0,0.0,1.58,2.17,0.0,1.58,7,1.0,8.57,60.0
gpm_grid_tamatue,GPM Grid TamaTue,2026-07-21,11.17.05.2002,Bale Redelong,external_comparison,yes,4.649902718619309,96.85017949357464,Asia/Jakarta,Forecast Redelong representative point. BMKG ADM4 reference: 11.17.05.2002 (Bale Redelong). Initial BMKG reference for catchment grid Spatial role: external_comparison. Grid terpisah dan terlalu jauh untuk langsung diasumsikan berkontribusi; hanya titik pembanding sampai konektivitas DAS dikonfirmasi.,02:00,7,6.9205,cukup,"BMKG,CMA,ECMWF,GFS,ICON,METEOFRANCE,UKMO",Berawan,87.1,Tinggi,17.33,+/-1.62,97.89,+/-1.71,0.0,+/-0.0,17.33,+/-1.62,0.0,42.2,57.8,0.0,0.0,0.0,1.62,1.71,0.0,1.62,7,1.0,8.57,60.0
gpm_grid_tamatue,GPM Grid TamaTue,2026-07-21,11.17.05.2002,Bale Redelong,external_comparison,yes,4.649902718619309,96.85017949357464,Asia/Jakarta,Forecast Redelong representative point. BMKG ADM4 reference: 11.17.05.2002 (Bale Redelong). Initial BMKG reference for catchment grid Spatial role: external_comparison. Grid terpisah dan terlalu jauh untuk langsung diasumsikan berkontribusi; hanya titik pembanding sampai konektivitas DAS dikonfirmasi.,03:00,7,7.2274,cukup,"BMKG,CMA,ECMWF,GFS,ICON,METEOFRANCE,UKMO",Cerah Berawan,88.3,Tinggi,17.11,+/-1.65,97.63,+/-1.71,0.0,+/-0.0,17.11,+/-1.65,0.0,58.5,41.5,0.0,0.0,0.0,1.65,1.71,0.0,1.65,7,1.0,0.0,0.0
gpm_grid_tamatue,GPM Grid TamaTue,2026-07-21,11.17.05.2002,Bale Redelong,external_comparison,yes,4.649902718619309,96.85017949357464,Asia/Jakarta,Forecast Redelong representative point. BMKG ADM4 reference: 11.17.05.2002 (Bale Redelong). Initial BMKG reference for catchment grid Spatial role: external_comparison. Grid terpisah dan terlalu jauh untuk langsung diasumsikan berkontribusi; hanya titik pembanding sampai konektivitas DAS dikonfirmasi.,04:00,7,6.9205,cukup,"BMKG,CMA,ECMWF,GFS,ICON,METEOFRANCE,UKMO",Berawan,87.0,Tinggi,17.04,+/-1.71,97.6,+/-1.38,0.0,+/-0.0,17.04,+/-1.71,14.4,27.8,57.8,0.0,0.0,0.0,1.71,1.38,0.0,1.71,7,1.0,8.57,60.0
gpm_grid_tamatue,GPM Grid TamaTue,2026-07-21,11.17.05.2002,Bale Redelong,external_comparison,yes,4.649902718619309,96.85017949357464,Asia/Jakarta,Forecast Redelong representative point. BMKG ADM4 reference: 11.17.05.2002 (Bale Redelong). Initial BMKG reference for catchment grid Spatial role: external_comparison. Grid terpisah dan terlalu jauh untuk langsung diasumsikan berkontribusi; hanya titik pembanding sampai konektivitas DAS dikonfirmasi.,05:00,7,6.9205,cukup,"BMKG,CMA,ECMWF,GFS,ICON,METEOFRANCE,UKMO",Berawan,83.4,Tinggi,16.94,+/-1.69,98.17,+/-1.07,0.02,+/-0.04,16.94,+/-1.69,14.4,27.8,43.3,14.4,0.0,0.0,1.69,1.07,0.04,1.69,7,1.0,8.57,60.0
gpm_grid_tamatue,GPM Grid TamaTue,2026-07-21,11.17.05.2002,Bale Redelong,external_comparison,yes,4.649902718619309,96.85017949357464,Asia/Jakarta,Forecast Redelong representative point. BMKG ADM4 reference: 11.17.05.2002 (Bale Redelong). Initial BMKG reference for catchment grid Spatial role: external_comparison. Grid terpisah dan terlalu jauh untuk langsung diasumsikan berkontribusi; hanya titik pembanding sampai konektivitas DAS dikonfirmasi.,06:00,7,7.2274,cukup,"BMKG,CMA,ECMWF,GFS,ICON,METEOFRANCE,UKMO",Berawan,90.9,Tinggi,16.75,+/-1.7,98.33,+/-1.25,0.0,+/-0.0,16.75,+/-1.7,0.0,30.8,69.2,0.0,0.0,0.0,1.7,1.25,0.0,1.7,7,1.0,0.0,0.0
gpm_grid_tamatue,GPM Grid TamaTue,2026-07-21,11.17.05.2002,Bale Redelong,external_comparison,yes,4.649902718619309,96.85017949357464,Asia/Jakarta,Forecast Redelong representative point. BMKG ADM4 reference: 11.17.05.2002 (Bale Redelong). Initial BMKG reference for catchment grid Spatial role: external_comparison. Grid terpisah dan terlalu jauh untuk langsung diasumsikan berkontribusi; hanya titik pembanding sampai konektivitas DAS dikonfirmasi.,07:00,7,6.9205,cukup,"BMKG,CMA,ECMWF,GFS,ICON,METEOFRANCE,UKMO",Berawan,90.7,Tinggi,17.05,+/-1.57,96.83,+/-1.86,0.0,+/-0.0,17.05,+/-1.57,0.0,27.8,72.2,0.0,0.0,0.0,1.57,1.86,0.0,1.57,7,1.0,8.57,60.0
gpm_grid_tamatue,GPM Grid TamaTue,2026-07-21,11.17.05.2002,Bale Redelong,external_comparison,yes,4.649902718619309,96.85017949357464,Asia/Jakarta,Forecast Redelong representative point. BMKG ADM4 reference: 11.17.05.2002 (Bale Redelong). Initial BMKG reference for catchment grid Spatial role: external_comparison. Grid terpisah dan terlalu jauh untuk langsung diasumsikan berkontribusi; hanya titik pembanding sampai konektivitas DAS dikonfirmasi.,08:00,7,6.9205,cukup,"BMKG,CMA,ECMWF,GFS,ICON,METEOFRANCE,UKMO",Berawan,87.3,Tinggi,19.41,+/-1.34,93.6,+/-0.8,0.0,+/-0.0,19.41,+/-1.34,0.0,42.2,57.8,0.0,0.0,0.0,1.34,0.8,0.0,1.34,7,1.0,8.57,60.0
gpm_grid_tamatue,GPM Grid TamaTue,2026-07-21,11.17.05.2002,Bale Redelong,external_comparison,yes,4.649902718619309,96.85017949357464,Asia/Jakarta,Forecast Redelong representative point. BMKG ADM4 reference: 11.17.05.2002 (Bale Redelong). Initial BMKG reference for catchment grid Spatial role: external_comparison. Grid terpisah dan terlalu jauh untuk langsung diasumsikan berkontribusi; hanya titik pembanding sampai konektivitas DAS dikonfirmasi.,09:00,7,7.2274,cukup,"BMKG,CMA,ECMWF,GFS,ICON,METEOFRANCE,UKMO",Berawan,87.6,Tinggi,21.12,+/-0.84,83.03,+/-5.2,0.0,+/-0.0,21.12,+/-0.84,0.0,44.7,55.3,0.0,0.0,0.0,0.84,5.2,0.0,0.84,7,1.0,0.0,0.0
gpm_grid_tamatue,GPM Grid TamaTue,2026-07-21,11.17.05.2002,Bale Redelong,external_comparison,yes,4.649902718619309,96.85017949357464,Asia/Jakarta,Forecast Redelong representative point. BMKG ADM4 reference: 11.17.05.2002 (Bale Redelong). Initial BMKG reference for catchment grid Spatial role: external_comparison. Grid terpisah dan terlalu jauh untuk langsung diasumsikan berkontribusi; hanya titik pembanding sampai konektivitas DAS dikonfirmasi.,10:00,7,6.9205,cukup,"BMKG,CMA,ECMWF,GFS,ICON,METEOFRANCE,UKMO",Cerah Berawan,90.4,Tinggi,22.55,+/-0.83,76.69,+/-6.36,0.0,+/-0.0,22.55,+/-0.83,0.0,71.1,28.9,0.0,0.0,0.0,0.83,6.36,0.0,0.83,7,1.0,8.57,60.0
gpm_grid_tamatue,GPM Grid TamaTue,2026-07-21,11.17.05.2002,Bale Redelong,external_comparison,yes,4.649902718619309,96.85017949357464,Asia/Jakarta,Forecast Redelong representative point. BMKG ADM4 reference: 11.17.05.2002 (Bale Redelong). Initial BMKG reference for catchment grid Spatial role: external_comparison. Grid terpisah dan terlalu jauh untuk langsung diasumsikan berkontribusi; hanya titik pembanding sampai konektivitas DAS dikonfirmasi.,11:00,7,6.9205,cukup,"BMKG,CMA,ECMWF,GFS,ICON,METEOFRANCE,UKMO",Hujan Ringan,87.0,Tinggi,23.71,+/-0.46,69.14,+/-9.03,0.16,+/-0.14,23.71,+/-0.46,13.3,0.0,28.9,57.8,0.0,0.0,0.46,9.03,0.14,0.46,7,1.0,8.57,60.0
gpm_grid_tamatue,GPM Grid TamaTue,2026-07-21,11.17.05.2002,Bale Redelong,external_comparison,yes,4.649902718619309,96.85017949357464,Asia/Jakarta,Forecast Redelong representative point. BMKG ADM4 reference: 11.17.05.2002 (Bale Redelong). Initial BMKG reference for catchment grid Spatial role: external_comparison. Grid terpisah dan terlalu jauh untuk langsung diasumsikan berkontribusi; hanya titik pembanding sampai konektivitas DAS dikonfirmasi.,12:00,7,7.2274,cukup,"BMKG,CMA,ECMWF,GFS,ICON,METEOFRANCE,UKMO",Hujan Ringan,90.5,Tinggi,23.97,+/-0.67,70.84,+/-10.13,0.4,+/-0.34,23.97,+/-0.67,17.0,0.0,13.8,69.2,0.0,0.0,0.67,10.13,0.34,0.67,7,1.0,0.0,0.0
gpm_grid_tamatue,GPM Grid TamaTue,2026-07-21,11.17.05.2002,Bale Redelong,external_comparison,yes,4.649902718619309,96.85017949357464,Asia/Jakarta,Forecast Redelong representative point. BMKG ADM4 reference: 11.17.05.2002 (Bale Redelong). Initial BMKG reference for catchment grid Spatial role: external_comparison. Grid terpisah dan terlalu jauh untuk langsung diasumsikan berkontribusi; hanya titik pembanding sampai konektivitas DAS dikonfirmasi.,13:00,7,6.9205,cukup,"BMKG,CMA,ECMWF,GFS,ICON,METEOFRANCE,UKMO",Hujan Ringan,93.5,Tinggi,23.57,+/-1.15,75.64,+/-12.08,0.47,+/-0.29,23.57,+/-1.15,13.3,0.0,0.0,86.7,0.0,0.0,1.15,12.08,0.29,1.15,7,1.0,8.57,60.0
gpm_grid_tamatue,GPM Grid TamaTue,2026-07-21,11.17.05.2002,Bale Redelong,external_comparison,yes,4.649902718619309,96.85017949357464,Asia/Jakarta,Forecast Redelong representative point. BMKG ADM4 reference: 11.17.05.2002 (Bale Redelong). Initial BMKG reference for catchment grid Spatial role: external_comparison. Grid terpisah dan terlalu jauh untuk langsung diasumsikan berkontribusi; hanya titik pembanding sampai konektivitas DAS dikonfirmasi.,14:00,7,6.9205,cukup,"BMKG,CMA,ECMWF,GFS,ICON,METEOFRANCE,UKMO",Hujan Ringan,89.9,Tinggi,22.79,+/-1.1,79.74,+/-10.59,0.98,+/-0.41,22.79,+/-1.1,0.0,13.3,0.0,72.2,0.0,14.4,1.1,10.59,0.41,1.1,7,1.0,8.57,60.0
gpm_grid_tamatue,GPM Grid TamaTue,2026-07-21,11.17.05.2002,Bale Redelong,external_comparison,yes,4.649902718619309,96.85017949357464,Asia/Jakarta,Forecast Redelong representative point. BMKG ADM4 reference: 11.17.05.2002 (Bale Redelong). Initial BMKG reference for catchment grid Spatial role: external_comparison. Grid terpisah dan terlalu jauh untuk langsung diasumsikan berkontribusi; hanya titik pembanding sampai konektivitas DAS dikonfirmasi.,15:00,7,7.2274,cukup,"BMKG,CMA,ECMWF,GFS,ICON,METEOFRANCE,UKMO",Hujan Ringan,90.6,Tinggi,22.29,+/-0.88,81.74,+/-9.85,1.25,+/-0.11,22.29,+/-0.88,0.0,17.0,0.0,69.2,0.0,13.8,0.88,9.85,0.11,0.88,7,1.0,0.0,0.0
gpm_grid_tamatue,GPM Grid TamaTue,2026-07-21,11.17.05.2002,Bale Redelong,external_comparison,yes,4.649902718619309,96.85017949357464,Asia/Jakarta,Forecast Redelong representative point. BMKG ADM4 reference: 11.17.05.2002 (Bale Redelong). Initial BMKG reference for catchment grid Spatial role: external_comparison. Grid terpisah dan terlalu jauh untuk langsung diasumsikan berkontribusi; hanya titik pembanding sampai konektivitas DAS dikonfirmasi.,16:00,7,6.9205,cukup,"BMKG,CMA,ECMWF,GFS,ICON,METEOFRANCE,UKMO",Hujan Ringan,90.5,Tinggi,21.86,+/-0.66,84.51,+/-8.76,1.27,+/-0.13,21.86,+/-0.66,0.0,13.3,0.0,72.2,0.0,14.4,0.66,8.76,0.13,0.66,7,1.0,8.57,60.0
gpm_grid_tamatue,GPM Grid TamaTue,2026-07-21,11.17.05.2002,Bale Redelong,external_comparison,yes,4.649902718619309,96.85017949357464,Asia/Jakarta,Forecast Redelong representative point. BMKG ADM4 reference: 11.17.05.2002 (Bale Redelong). Initial BMKG reference for catchment grid Spatial role: external_comparison. Grid terpisah dan terlalu jauh untuk langsung diasumsikan berkontribusi; hanya titik pembanding sampai konektivitas DAS dikonfirmasi.,17:00,7,6.9205,cukup,"BMKG,CMA,ECMWF,GFS,ICON,METEOFRANCE,UKMO",Hujan Ringan,87.1,Tinggi,20.98,+/-1.05,89.99,+/-3.56,1.48,+/-0.1,20.98,+/-1.05,13.3,0.0,14.4,57.8,0.0,14.4,1.05,3.56,0.1,1.05,7,1.0,8.57,60.0
gpm_grid_tamatue,GPM Grid TamaTue,2026-07-21,11.17.05.2002,Bale Redelong,external_comparison,yes,4.649902718619309,96.85017949357464,Asia/Jakarta,Forecast Redelong representative point. BMKG ADM4 reference: 11.17.05.2002 (Bale Redelong). Initial BMKG reference for catchment grid Spatial role: external_comparison. Grid terpisah dan terlalu jauh untuk langsung diasumsikan berkontribusi; hanya titik pembanding sampai konektivitas DAS dikonfirmasi.,18:00,7,7.2274,cukup,"BMKG,CMA,ECMWF,GFS,ICON,METEOFRANCE,UKMO",Hujan Ringan,90.8,Tinggi,20.34,+/-1.02,92.38,+/-3.8,1.2,+/-0.42,20.34,+/-1.02,17.0,0.0,13.8,69.2,0.0,0.0,1.02,3.8,0.42,1.02,7,1.0,0.0,0.0
gpm_grid_tamatue,GPM Grid TamaTue,2026-07-21,11.17.05.2002,Bale Redelong,external_comparison,yes,4.649902718619309,96.85017949357464,Asia/Jakarta,Forecast Redelong representative point. BMKG ADM4 reference: 11.17.05.2002 (Bale Redelong). Initial BMKG reference for catchment grid Spatial role: external_comparison. Grid terpisah dan terlalu jauh untuk langsung diasumsikan berkontribusi; hanya titik pembanding sampai konektivitas DAS dikonfirmasi.,19:00,7,6.9205,cukup,"BMKG,CMA,ECMWF,GFS,ICON,METEOFRANCE,UKMO",Hujan Ringan,86.6,Tinggi,19.71,+/-1.2,94.18,+/-3.76,0.8,+/-0.68,19.71,+/-1.2,13.3,0.0,28.9,57.8,0.0,0.0,1.2,3.76,0.68,1.2,7,1.0,8.57,60.0
gpm_grid_tamatue,GPM Grid TamaTue,2026-07-21,11.17.05.2002,Bale Redelong,external_comparison,yes,4.649902718619309,96.85017949357464,Asia/Jakarta,Forecast Redelong representative point. BMKG ADM4 reference: 11.17.05.2002 (Bale Redelong). Initial BMKG reference for catchment grid Spatial role: external_comparison. Grid terpisah dan terlalu jauh untuk langsung diasumsikan berkontribusi; hanya titik pembanding sampai konektivitas DAS dikonfirmasi.,20:00,7,6.9205,cukup,"BMKG,CMA,ECMWF,GFS,ICON,METEOFRANCE,UKMO",Hujan Ringan,83.1,Tinggi,19.04,+/-1.45,97.32,+/-1.61,0.45,+/-0.54,19.04,+/-1.45,13.3,28.9,14.4,43.3,0.0,0.0,1.45,1.61,0.54,1.45,7,1.0,8.57,60.0
gpm_grid_tamatue,GPM Grid TamaTue,2026-07-21,11.17.05.2002,Bale Redelong,external_comparison,yes,4.649902718619309,96.85017949357464,Asia/Jakarta,Forecast Redelong representative point. BMKG ADM4 reference: 11.17.05.2002 (Bale Redelong). Initial BMKG reference for catchment grid Spatial role: external_comparison. Grid terpisah dan terlalu jauh untuk langsung diasumsikan berkontribusi; hanya titik pembanding sampai konektivitas DAS dikonfirmasi.,21:00,7,7.2274,cukup,"BMKG,CMA,ECMWF,GFS,ICON,METEOFRANCE,UKMO",Hujan Ringan,83.8,Tinggi,18.66,+/-1.42,97.36,+/-0.74,0.45,+/-0.54,18.66,+/-1.42,17.0,27.7,13.8,41.5,0.0,0.0,1.42,0.74,0.54,1.42,7,1.0,0.0,0.0
gpm_grid_tamatue,GPM Grid TamaTue,2026-07-21,11.17.05.2002,Bale Redelong,external_comparison,yes,4.649902718619309,96.85017949357464,Asia/Jakarta,Forecast Redelong representative point. BMKG ADM4 reference: 11.17.05.2002 (Bale Redelong). Initial BMKG reference for catchment grid Spatial role: external_comparison. Grid terpisah dan terlalu jauh untuk langsung diasumsikan berkontribusi; hanya titik pembanding sampai konektivitas DAS dikonfirmasi.,22:00,7,6.9205,cukup,"BMKG,CMA,ECMWF,GFS,ICON,METEOFRANCE,UKMO",Hujan Ringan,83.3,Tinggi,18.43,+/-1.31,97.66,+/-0.75,0.45,+/-0.54,18.43,+/-1.31,27.8,14.4,14.4,43.3,0.0,0.0,1.31,0.75,0.54,1.31,7,1.0,8.57,60.0
gpm_grid_tamatue,GPM Grid TamaTue,2026-07-21,11.17.05.2002,Bale Redelong,external_comparison,yes,4.649902718619309,96.85017949357464,Asia/Jakarta,Forecast Redelong representative point. BMKG ADM4 reference: 11.17.05.2002 (Bale Redelong). Initial BMKG reference for catchment grid Spatial role: external_comparison. Grid terpisah dan terlalu jauh untuk langsung diasumsikan berkontribusi; hanya titik pembanding sampai konektivitas DAS dikonfirmasi.,23:00,7,6.6751,cukup,"BMKG,CMA,ECMWF,GFS,ICON,METEOFRANCE,UKMO",Hujan Ringan,79.1,Sedang,18.17,+/-1.21,98.0,+/-0.84,0.27,+/-0.51,18.17,+/-1.21,25.1,15.0,30.0,30.0,0.0,0.0,1.21,0.84,0.51,1.21,7,1.0,17.14,120.0
gpm_grid_tamatue,GPM Grid TamaTue,2026-07-22,11.17.05.2002,Bale Redelong,external_comparison,yes,4.649902718619309,96.85017949357464,Asia/Jakarta,Forecast Redelong representative point. BMKG ADM4 reference: 11.17.05.2002 (Bale Redelong). Initial BMKG reference for catchment grid Spatial role: external_comparison. Grid terpisah dan terlalu jauh untuk langsung diasumsikan berkontribusi; hanya titik pembanding sampai konektivitas DAS dikonfirmasi.,00:00,6,6.0,cukup,"CMA,ECMWF,GFS,ICON,METEOFRANCE,UKMO",Hujan Ringan,77.1,Sedang,17.97,+/-1.16,97.17,+/-2.27,0.06,+/-0.08,17.97,+/-1.16,16.7,0.0,33.3,50.0,0.0,0.0,1.16,2.27,0.08,1.16,7,0.8571,0.0,0.0
gpm_grid_tamatue,GPM Grid TamaTue,2026-07-22,11.17.05.2002,Bale Redelong,external_comparison,yes,4.649902718619309,96.85017949357464,Asia/Jakarta,Forecast Redelong representative point. BMKG ADM4 reference: 11.17.05.2002 (Bale Redelong). Initial BMKG reference for catchment grid Spatial role: external_comparison. Grid terpisah dan terlalu jauh untuk langsung diasumsikan berkontribusi; hanya titik pembanding sampai konektivitas DAS dikonfirmasi.,01:00,6,6.0,cukup,"CMA,ECMWF,GFS,ICON,METEOFRANCE,UKMO",Hujan Ringan,77.2,Sedang,17.72,+/-1.13,97.33,+/-1.49,0.06,+/-0.08,17.72,+/-1.13,0.0,16.7,33.3,50.0,0.0,0.0,1.13,1.49,0.08,1.13,7,0.8571,0.0,0.0
gpm_grid_tamatue,GPM Grid TamaTue,2026-07-22,11.17.05.2002,Bale Redelong,external_comparison,yes,4.649902718619309,96.85017949357464,Asia/Jakarta,Forecast Redelong representative point. BMKG ADM4 reference: 11.17.05.2002 (Bale Redelong). Initial BMKG reference for catchment grid Spatial role: external_comparison. Grid terpisah dan terlalu jauh untuk langsung diasumsikan berkontribusi; hanya titik pembanding sampai konektivitas DAS dikonfirmasi.,02:00,6,6.0,cukup,"CMA,ECMWF,GFS,ICON,METEOFRANCE,UKMO",Berawan,77.2,Sedang,17.52,+/-1.18,97.0,+/-1.15,0.03,+/-0.07,17.52,+/-1.18,0.0,33.3,50.0,16.7,0.0,0.0,1.18,1.15,0.07,1.18,7,0.8571,0.0,0.0
gpm_grid_tamatue,GPM Grid TamaTue,2026-07-22,11.17.05.2002,Bale Redelong,external_comparison,yes,4.649902718619309,96.85017949357464,Asia/Jakarta,Forecast Redelong representative point. BMKG ADM4 reference: 11.17.05.2002 (Bale Redelong). Initial BMKG reference for catchment grid Spatial role: external_comparison. Grid terpisah dan terlalu jauh untuk langsung diasumsikan berkontribusi; hanya titik pembanding sampai konektivitas DAS dikonfirmasi.,03:00,6,6.0,cukup,"CMA,ECMWF,GFS,ICON,METEOFRANCE,UKMO",Berawan,77.2,Sedang,17.27,+/-1.2,97.33,+/-1.11,0.03,+/-0.07,17.27,+/-1.2,0.0,33.3,50.0,16.7,0.0,0.0,1.2,1.11,0.07,1.2,7,0.8571,0.0,0.0
gpm_grid_tamatue,GPM Grid TamaTue,2026-07-22,11.17.05.2002,Bale Redelong,external_comparison,yes,4.649902718619309,96.85017949357464,Asia/Jakarta,Forecast Redelong representative point. BMKG ADM4 reference: 11.17.05.2002 (Bale Redelong). Initial BMKG reference for catchment grid Spatial role: external_comparison. Grid terpisah dan terlalu jauh untuk langsung diasumsikan berkontribusi; hanya titik pembanding sampai konektivitas DAS dikonfirmasi.,04:00,6,6.0,cukup,"CMA,ECMWF,GFS,ICON,METEOFRANCE,UKMO",Cerah Berawan,77.1,Sedang,17.12,+/-1.21,97.0,+/-1.63,0.03,+/-0.07,17.12,+/-1.21,0.0,50.0,33.3,16.7,0.0,0.0,1.21,1.63,0.07,1.21,7,0.8571,0.0,0.0
gpm_grid_tamatue,GPM Grid TamaTue,2026-07-22,11.17.05.2002,Bale Redelong,external_comparison,yes,4.649902718619309,96.85017949357464,Asia/Jakarta,Forecast Redelong representative point. BMKG ADM4 reference: 11.17.05.2002 (Bale Redelong). Initial BMKG reference for catchment grid Spatial role: external_comparison. Grid terpisah dan terlalu jauh untuk langsung diasumsikan berkontribusi; hanya titik pembanding sampai konektivitas DAS dikonfirmasi.,05:00,6,6.0,cukup,"CMA,ECMWF,GFS,ICON,METEOFRANCE,UKMO",Cerah Berawan,81.3,Tinggi,16.9,+/-1.26,97.33,+/-1.49,0.0,+/-0.0,16.9,+/-1.26,0.0,66.7,33.3,0.0,0.0,0.0,1.26,1.49,0.0,1.26,7,0.8571,0.0,0.0
gpm_grid_tamatue,GPM Grid TamaTue,2026-07-22,11.17.05.2002,Bale Redelong,external_comparison,yes,4.649902718619309,96.85017949357464,Asia/Jakarta,Forecast Redelong representative point. BMKG ADM4 reference: 11.17.05.2002 (Bale Redelong). Initial BMKG reference for catchment grid Spatial role: external_comparison. Grid terpisah dan terlalu jauh untuk langsung diasumsikan berkontribusi; hanya titik pembanding sampai konektivitas DAS dikonfirmasi.,06:00,6,6.0,cukup,"CMA,ECMWF,GFS,ICON,METEOFRANCE,UKMO",Berawan,77.2,Sedang,16.75,+/-1.26,96.83,+/-1.46,0.0,+/-0.0,16.75,+/-1.26,16.7,33.3,50.0,0.0,0.0,0.0,1.26,1.46,0.0,1.26,7,0.8571,0.0,0.0
gpm_grid_tamatue,GPM Grid TamaTue,2026-07-22,11.17.05.2002,Bale Redelong,external_comparison,yes,4.649902718619309,96.85017949357464,Asia/Jakarta,Forecast Redelong representative point. BMKG ADM4 reference: 11.17.05.2002 (Bale Redelong). Initial BMKG reference for catchment grid Spatial role: external_comparison. Grid terpisah dan terlalu jauh untuk langsung diasumsikan berkontribusi; hanya titik pembanding sampai konektivitas DAS dikonfirmasi.,07:00,6,6.0,cukup,"CMA,ECMWF,GFS,ICON,METEOFRANCE,UKMO",Berawan,81.3,Tinggi,17.12,+/-1.24,95.0,+/-1.63,0.0,+/-0.0,17.12,+/-1.24,16.7,16.7,66.7,0.0,0.0,0.0,1.24,1.63,0.0,1.24,7,0.8571,0.0,0.0
gpm_grid_tamatue,GPM Grid TamaTue,2026-07-22,11.17.05.2002,Bale Redelong,external_comparison,yes,4.649902718619309,96.85017949357464,Asia/Jakarta,Forecast Redelong representative point. BMKG ADM4 reference: 11.17.05.2002 (Bale Redelong). Initial BMKG reference for catchment grid Spatial role: external_comparison. Grid terpisah dan terlalu jauh untuk langsung diasumsikan berkontribusi; hanya titik pembanding sampai konektivitas DAS dikonfirmasi.,08:00,6,6.0,cukup,"CMA,ECMWF,GFS,ICON,METEOFRANCE,UKMO",Berawan,77.0,Sedang,18.93,+/-1.13,88.83,+/-4.84,0.0,+/-0.0,18.93,+/-1.13,16.7,33.3,50.0,0.0,0.0,0.0,1.13,4.84,0.0,1.13,7,0.8571,0.0,0.0
gpm_grid_tamatue,GPM Grid TamaTue,2026-07-22,11.17.05.2002,Bale Redelong,external_comparison,yes,4.649902718619309,96.85017949357464,Asia/Jakarta,Forecast Redelong representative point. BMKG ADM4 reference: 11.17.05.2002 (Bale Redelong). Initial BMKG reference for catchment grid Spatial role: external_comparison. Grid terpisah dan terlalu jauh untuk langsung diasumsikan berkontribusi; hanya titik pembanding sampai konektivitas DAS dikonfirmasi.,09:00,6,6.0,cukup,"CMA,ECMWF,GFS,ICON,METEOFRANCE,UKMO",Cerah Berawan,76.8,Sedang,21.22,+/-1.12,77.17,+/-7.01,0.0,+/-0.0,21.22,+/-1.12,16.7,50.0,33.3,0.0,0.0,0.0,1.12,7.01,0.0,1.12,7,0.8571,0.0,0.0
gpm_grid_tamatue,GPM Grid TamaTue,2026-07-22,11.17.05.2002,Bale Redelong,external_comparison,yes,4.649902718619309,96.85017949357464,Asia/Jakarta,Forecast Redelong representative point. BMKG ADM4 reference: 11.17.05.2002 (Bale Redelong). Initial BMKG reference for catchment grid Spatial role: external_comparison. Grid terpisah dan terlalu jauh untuk langsung diasumsikan berkontribusi; hanya titik pembanding sampai konektivitas DAS dikonfirmasi.,10:00,6,6.0,cukup,"CMA,ECMWF,GFS,ICON,METEOFRANCE,UKMO",Cerah Berawan,81.1,Tinggi,23.08,+/-0.64,67.83,+/-9.17,0.0,+/-0.0,23.08,+/-0.64,16.7,66.7,16.7,0.0,0.0,0.0,0.64,9.17,0.0,0.64,7,0.8571,0.0,0.0
gpm_grid_tamatue,GPM Grid TamaTue,2026-07-22,11.17.05.2002,Bale Redelong,external_comparison,yes,4.649902718619309,96.85017949357464,Asia/Jakarta,Forecast Redelong representative point. BMKG ADM4 reference: 11.17.05.2002 (Bale Redelong). Initial BMKG reference for catchment grid Spatial role: external_comparison. Grid terpisah dan terlalu jauh untuk langsung diasumsikan berkontribusi; hanya titik pembanding sampai konektivitas DAS dikonfirmasi.,11:00,6,6.0,cukup,"CMA,ECMWF,GFS,ICON,METEOFRANCE,UKMO",Cerah Berawan,76.5,Sedang,24.35,+/-0.54,63.33,+/-10.69,0.23,+/-0.4,24.35,+/-0.54,16.7,50.0,0.0,33.3,0.0,0.0,0.54,10.69,0.4,0.54,7,0.8571,0.0,0.0
gpm_grid_tamatue,GPM Grid TamaTue,2026-07-22,11.17.05.2002,Bale Redelong,external_comparison,yes,4.649902718619309,96.85017949357464,Asia/Jakarta,Forecast Redelong representative point. BMKG ADM4 reference: 11.17.05.2002 (Bale Redelong). Initial BMKG reference for catchment grid Spatial role: external_comparison. Grid terpisah dan terlalu jauh untuk langsung diasumsikan berkontribusi; hanya titik pembanding sampai konektivitas DAS dikonfirmasi.,12:00,6,6.0,cukup,"CMA,ECMWF,GFS,ICON,METEOFRANCE,UKMO",Hujan Ringan,72.3,Sedang,25.58,+/-0.12,62.33,+/-14.36,0.23,+/-0.4,25.58,+/-0.12,16.7,33.3,16.7,33.3,0.0,0.0,0.12,14.36,0.4,0.12,7,0.8571,0.0,0.0
gpm_grid_tamatue,GPM Grid TamaTue,2026-07-22,11.17.05.2002,Bale Redelong,external_comparison,yes,4.649902718619309,96.85017949357464,Asia/Jakarta,Forecast Redelong representative point. BMKG ADM4 reference: 11.17.05.2002 (Bale Redelong). Initial BMKG reference for catchment grid Spatial role: external_comparison. Grid terpisah dan terlalu jauh untuk langsung diasumsikan berkontribusi; hanya titik pembanding sampai konektivitas DAS dikonfirmasi.,13:00,6,6.0,cukup,"CMA,ECMWF,GFS,ICON,METEOFRANCE,UKMO",Hujan Ringan,71.9,Sedang,26.18,+/-0.29,62.5,+/-18.03,0.23,+/-0.4,26.18,+/-0.29,0.0,33.3,33.3,33.3,0.0,0.0,0.29,18.03,0.4,0.29,7,0.8571,0.0,0.0
gpm_grid_tamatue,GPM Grid TamaTue,2026-07-22,11.17.05.2002,Bale Redelong,external_comparison,yes,4.649902718619309,96.85017949357464,Asia/Jakarta,Forecast Redelong representative point. BMKG ADM4 reference: 11.17.05.2002 (Bale Redelong). Initial BMKG reference for catchment grid Spatial role: external_comparison. Grid terpisah dan terlalu jauh untuk langsung diasumsikan berkontribusi; hanya titik pembanding sampai konektivitas DAS dikonfirmasi.,14:00,6,6.0,cukup,"CMA,ECMWF,GFS,ICON,METEOFRANCE,UKMO",Hujan Ringan,76.3,Sedang,25.72,+/-0.4,65.5,+/-18.79,0.08,+/-0.04,25.72,+/-0.4,0.0,0.0,33.3,50.0,16.7,0.0,0.4,18.79,0.04,0.4,7,0.8571,0.0,0.0
gpm_grid_tamatue,GPM Grid TamaTue,2026-07-22,11.17.05.2002,Bale Redelong,external_comparison,yes,4.649902718619309,96.85017949357464,Asia/Jakarta,Forecast Redelong representative point. BMKG ADM4 reference: 11.17.05.2002 (Bale Redelong). Initial BMKG reference for catchment grid Spatial role: external_comparison. Grid terpisah dan terlalu jauh untuk langsung diasumsikan berkontribusi; hanya titik pembanding sampai konektivitas DAS dikonfirmasi.,15:00,6,6.0,cukup,"CMA,ECMWF,GFS,ICON,METEOFRANCE,UKMO",Hujan Ringan,75.8,Sedang,24.07,+/-1.54,70.0,+/-17.95,0.08,+/-0.04,24.07,+/-1.54,0.0,0.0,33.3,50.0,16.7,0.0,1.54,17.95,0.04,1.54,7,0.8571,0.0,0.0
gpm_grid_tamatue,GPM Grid TamaTue,2026-07-22,11.17.05.2002,Bale Redelong,external_comparison,yes,4.649902718619309,96.85017949357464,Asia/Jakarta,Forecast Redelong representative point. BMKG ADM4 reference: 11.17.05.2002 (Bale Redelong). Initial BMKG reference for catchment grid Spatial role: external_comparison. Grid terpisah dan terlalu jauh untuk langsung diasumsikan berkontribusi; hanya titik pembanding sampai konektivitas DAS dikonfirmasi.,16:00,6,6.0,cukup,"CMA,ECMWF,GFS,ICON,METEOFRANCE,UKMO",Hujan Ringan,76.1,Sedang,23.07,+/-1.3,76.17,+/-15.49,0.08,+/-0.04,23.07,+/-1.3,0.0,0.0,33.3,50.0,16.7,0.0,1.3,15.49,0.04,1.3,7,0.8571,0.0,0.0
gpm_grid_tamatue,GPM Grid TamaTue,2026-07-22,11.17.05.2002,Bale Redelong,external_comparison,yes,4.649902718619309,96.85017949357464,Asia/Jakarta,Forecast Redelong representative point. BMKG ADM4 reference: 11.17.05.2002 (Bale Redelong). Initial BMKG reference for catchment grid Spatial role: external_comparison. Grid terpisah dan terlalu jauh untuk langsung diasumsikan berkontribusi; hanya titik pembanding sampai konektivitas DAS dikonfirmasi.,17:00,6,6.0,cukup,"CMA,ECMWF,GFS,ICON,METEOFRANCE,UKMO",Hujan Ringan,76.3,Sedang,22.17,+/-1.14,80.83,+/-13.09,0.03,+/-0.04,22.17,+/-1.14,0.0,0.0,50.0,50.0,0.0,0.0,1.14,13.09,0.04,1.14,7,0.8571,0.0,0.0
gpm_grid_tamatue,GPM Grid TamaTue,2026-07-22,11.17.05.2002,Bale Redelong,external_comparison,yes,4.649902718619309,96.85017949357464,Asia/Jakarta,Forecast Redelong representative point. BMKG ADM4 reference: 11.17.05.2002 (Bale Redelong). Initial BMKG reference for catchment grid Spatial role: external_comparison. Grid terpisah dan terlalu jauh untuk langsung diasumsikan berkontribusi; hanya titik pembanding sampai konektivitas DAS dikonfirmasi.,18:00,6,6.0,cukup,"CMA,ECMWF,GFS,ICON,METEOFRANCE,UKMO",Hujan Ringan,76.6,Sedang,21.18,+/-1.1,85.83,+/-10.12,0.03,+/-0.04,21.18,+/-1.1,0.0,0.0,50.0,50.0,0.0,0.0,1.1,10.12,0.04,1.1,7,0.8571,0.0,0.0
gpm_grid_tamatue,GPM Grid TamaTue,2026-07-22,11.17.05.2002,Bale Redelong,external_comparison,yes,4.649902718619309,96.85017949357464,Asia/Jakarta,Forecast Redelong representative point. BMKG ADM4 reference: 11.17.05.2002 (Bale Redelong). Initial BMKG reference for catchment grid Spatial role: external_comparison. Grid terpisah dan terlalu jauh untuk langsung diasumsikan berkontribusi; hanya titik pembanding sampai konektivitas DAS dikonfirmasi.,19:00,6,6.0,cukup,"CMA,ECMWF,GFS,ICON,METEOFRANCE,UKMO",Hujan Ringan,76.6,Sedang,20.32,+/-1.22,89.33,+/-8.28,0.03,+/-0.04,20.32,+/-1.22,0.0,0.0,50.0,50.0,0.0,0.0,1.22,8.28,0.04,1.22,7,0.8571,0.0,0.0
gpm_grid_tamatue,GPM Grid TamaTue,2026-07-22,11.17.05.2002,Bale Redelong,external_comparison,yes,4.649902718619309,96.85017949357464,Asia/Jakarta,Forecast Redelong representative point. BMKG ADM4 reference: 11.17.05.2002 (Bale Redelong). Initial BMKG reference for catchment grid Spatial role: external_comparison. Grid terpisah dan terlalu jauh untuk langsung diasumsikan berkontribusi; hanya titik pembanding sampai konektivitas DAS dikonfirmasi.,20:00,6,6.0,cukup,"CMA,ECMWF,GFS,ICON,METEOFRANCE,UKMO",Berawan,76.8,Sedang,19.65,+/-1.23,94.4,+/-2.87,0.2,+/-0.37,19.65,+/-1.23,0.0,16.7,50.0,33.3,0.0,0.0,1.23,2.87,0.37,1.23,7,0.8571,0.0,0.0
gpm_grid_tamatue,GPM Grid TamaTue,2026-07-22,11.17.05.2002,Bale Redelong,external_comparison,yes,4.649902718619309,96.85017949357464,Asia/Jakarta,Forecast Redelong representative point. BMKG ADM4 reference: 11.17.05.2002 (Bale Redelong). Initial BMKG reference for catchment grid Spatial role: external_comparison. Grid terpisah dan terlalu jauh untuk langsung diasumsikan berkontribusi; hanya titik pembanding sampai konektivitas DAS dikonfirmasi.,21:00,6,6.0,cukup,"CMA,ECMWF,GFS,ICON,METEOFRANCE,UKMO",Hujan Ringan,72.5,Sedang,19.08,+/-1.26,93.67,+/-3.86,0.2,+/-0.37,19.08,+/-1.26,0.0,33.3,33.3,33.3,0.0,0.0,1.26,3.86,0.37,1.26,7,0.8571,0.0,0.0
gpm_grid_tamatue,GPM Grid TamaTue,2026-07-22,11.17.05.2002,Bale Redelong,external_comparison,yes,4.649902718619309,96.85017949357464,Asia/Jakarta,Forecast Redelong representative point. BMKG ADM4 reference: 11.17.05.2002 (Bale Redelong). Initial BMKG reference for catchment grid Spatial role: external_comparison. Grid terpisah dan terlalu jauh untuk langsung diasumsikan berkontribusi; hanya titik pembanding sampai konektivitas DAS dikonfirmasi.,22:00,6,6.0,cukup,"CMA,ECMWF,GFS,ICON,METEOFRANCE,UKMO",Hujan Ringan,72.5,Sedang,18.58,+/-1.37,95.33,+/-3.2,0.2,+/-0.37,18.58,+/-1.37,0.0,33.3,33.3,33.3,0.0,0.0,1.37,3.2,0.37,1.37,7,0.8571,0.0,0.0
gpm_grid_tamatue,GPM Grid TamaTue,2026-07-22,11.17.05.2002,Bale Redelong,external_comparison,yes,4.649902718619309,96.85017949357464,Asia/Jakarta,Forecast Redelong representative point. BMKG ADM4 reference: 11.17.05.2002 (Bale Redelong). Initial BMKG reference for catchment grid Spatial role: external_comparison. Grid terpisah dan terlalu jauh untuk langsung diasumsikan berkontribusi; hanya titik pembanding sampai konektivitas DAS dikonfirmasi.,23:00,6,6.0,cukup,"CMA,ECMWF,GFS,ICON,METEOFRANCE,UKMO",Berawan,76.7,Sedang,18.15,+/-1.47,96.33,+/-2.62,0.15,+/-0.34,18.15,+/-1.47,0.0,33.3,50.0,16.7,0.0,0.0,1.47,2.62,0.34,1.47,7,0.8571,0.0,0.0
pltm_besai_kemu,PLTM Besai Kemu,2026-07-19,18.08.03.2017,Kemu,independent_site_reference,yes,-4.87997,104.50453,Asia/Jakarta,PLTM Besai Kemu forecast reference. BMKG ADM4 reference: 18.08.03.2017. Coordinate status: provisional_public_source_pending_asset_confirmation.,00:00,6,6.0,cukup,"CMA,ECMWF,GFS,ICON,METEOFRANCE,UKMO",Cerah Berawan,80.9,Tinggi,24.17,+/-1.36,89.5,+/-6.95,0.0,+/-0.0,24.17,+/-1.36,33.3,66.7,0.0,0.0,0.0,0.0,1.36,6.95,0.0,1.36,7,0.8571,0.0,0.0
pltm_besai_kemu,PLTM Besai Kemu,2026-07-19,18.08.03.2017,Kemu,independent_site_reference,yes,-4.87997,104.50453,Asia/Jakarta,PLTM Besai Kemu forecast reference. BMKG ADM4 reference: 18.08.03.2017. Coordinate status: provisional_public_source_pending_asset_confirmation.,01:00,6,6.0,cukup,"CMA,ECMWF,GFS,ICON,METEOFRANCE,UKMO",Cerah Berawan,76.7,Sedang,23.77,+/-1.38,89.67,+/-6.6,0.0,+/-0.0,23.77,+/-1.38,16.7,50.0,33.3,0.0,0.0,0.0,1.38,6.6,0.0,1.38,7,0.8571,0.0,0.0
pltm_besai_kemu,PLTM Besai Kemu,2026-07-19,18.08.03.2017,Kemu,independent_site_reference,yes,-4.87997,104.50453,Asia/Jakarta,PLTM Besai Kemu forecast reference. BMKG ADM4 reference: 18.08.03.2017. Coordinate status: provisional_public_source_pending_asset_confirmation.,02:00,6,6.0,cukup,"CMA,ECMWF,GFS,ICON,METEOFRANCE,UKMO",Hujan Ringan,72.8,Sedang,23.52,+/-1.34,92.6,+/-3.44,0.03,+/-0.05,23.52,+/-1.34,16.7,16.7,33.3,33.3,0.0,0.0,1.34,3.44,0.05,1.34,7,0.8571,0.0,0.0
pltm_besai_kemu,PLTM Besai Kemu,2026-07-19,18.08.03.2017,Kemu,independent_site_reference,yes,-4.87997,104.50453,Asia/Jakarta,PLTM Besai Kemu forecast reference. BMKG ADM4 reference: 18.08.03.2017. Coordinate status: provisional_public_source_pending_asset_confirmation.,03:00,6,6.0,cukup,"CMA,ECMWF,GFS,ICON,METEOFRANCE,UKMO",Hujan Ringan,72.9,Sedang,23.13,+/-1.4,94.5,+/-0.5,0.07,+/-0.11,23.13,+/-1.4,16.7,16.7,33.3,33.3,0.0,0.0,1.4,0.5,0.11,1.4,7,0.8571,0.0,0.0
pltm_besai_kemu,PLTM Besai Kemu,2026-07-19,18.08.03.2017,Kemu,independent_site_reference,yes,-4.87997,104.50453,Asia/Jakarta,PLTM Besai Kemu forecast reference. BMKG ADM4 reference: 18.08.03.2017. Coordinate status: provisional_public_source_pending_asset_confirmation.,04:00,6,6.0,cukup,"CMA,ECMWF,GFS,ICON,METEOFRANCE,UKMO",Hujan Ringan,72.8,Sedang,22.97,+/-1.38,93.0,+/-2.28,0.05,+/-0.08,22.97,+/-1.38,16.7,16.7,33.3,33.3,0.0,0.0,1.38,2.28,0.08,1.38,7,0.8571,0.0,0.0
pltm_besai_kemu,PLTM Besai Kemu,2026-07-19,18.08.03.2017,Kemu,independent_site_reference,yes,-4.87997,104.50453,Asia/Jakarta,PLTM Besai Kemu forecast reference. BMKG ADM4 reference: 18.08.03.2017. Coordinate status: provisional_public_source_pending_asset_confirmation.,05:00,6,6.0,cukup,"CMA,ECMWF,GFS,ICON,METEOFRANCE,UKMO",Hujan Ringan,72.8,Sedang,22.78,+/-1.41,92.6,+/-2.87,0.03,+/-0.05,22.78,+/-1.41,16.7,16.7,33.3,33.3,0.0,0.0,1.41,2.87,0.05,1.41,7,0.8571,0.0,0.0
pltm_besai_kemu,PLTM Besai Kemu,2026-07-19,18.08.03.2017,Kemu,independent_site_reference,yes,-4.87997,104.50453,Asia/Jakarta,PLTM Besai Kemu forecast reference. BMKG ADM4 reference: 18.08.03.2017. Coordinate status: provisional_public_source_pending_asset_confirmation.,06:00,6,6.0,cukup,"CMA,ECMWF,GFS,ICON,METEOFRANCE,UKMO",Hujan Ringan,72.7,Sedang,22.73,+/-1.46,91.8,+/-3.25,0.03,+/-0.05,22.73,+/-1.46,16.7,16.7,33.3,33.3,0.0,0.0,1.46,3.25,0.05,1.46,7,0.8571,0.0,0.0
pltm_besai_kemu,PLTM Besai Kemu,2026-07-19,18.08.03.2017,Kemu,independent_site_reference,yes,-4.87997,104.50453,Asia/Jakarta,PLTM Besai Kemu forecast reference. BMKG ADM4 reference: 18.08.03.2017. Coordinate status: provisional_public_source_pending_asset_confirmation.,07:00,6,6.0,cukup,"CMA,ECMWF,GFS,ICON,METEOFRANCE,UKMO",Berawan,77.1,Sedang,23.47,+/-0.98,87.17,+/-4.26,0.02,+/-0.04,23.47,+/-0.98,16.7,16.7,50.0,16.7,0.0,0.0,0.98,4.26,0.04,0.98,7,0.8571,0.0,0.0
pltm_besai_kemu,PLTM Besai Kemu,2026-07-19,18.08.03.2017,Kemu,independent_site_reference,yes,-4.87997,104.50453,Asia/Jakarta,PLTM Besai Kemu forecast reference. BMKG ADM4 reference: 18.08.03.2017. Coordinate status: provisional_public_source_pending_asset_confirmation.,08:00,6,6.0,cukup,"CMA,ECMWF,GFS,ICON,METEOFRANCE,UKMO",Berawan,81.5,Tinggi,25.3,+/-0.44,79.33,+/-4.71,0.0,+/-0.0,25.3,+/-0.44,16.7,16.7,66.7,0.0,0.0,0.0,0.44,4.71,0.0,0.44,7,0.8571,0.0,0.0
pltm_besai_kemu,PLTM Besai Kemu,2026-07-19,18.08.03.2017,Kemu,independent_site_reference,yes,-4.87997,104.50453,Asia/Jakarta,PLTM Besai Kemu forecast reference. BMKG ADM4 reference: 18.08.03.2017. Coordinate status: provisional_public_source_pending_asset_confirmation.,09:00,6,6.0,cukup,"CMA,ECMWF,GFS,ICON,METEOFRANCE,UKMO",Cerah Berawan,77.2,Sedang,26.87,+/-0.52,72.17,+/-5.96,0.0,+/-0.0,27.76,+/-1.4,16.7,50.0,33.3,0.0,0.0,0.0,0.52,5.96,0.0,1.4,7,0.8571,0.0,0.0
pltm_besai_kemu,PLTM Besai Kemu,2026-07-19,18.08.03.2017,Kemu,independent_site_reference,yes,-4.87997,104.50453,Asia/Jakarta,PLTM Besai Kemu forecast reference. BMKG ADM4 reference: 18.08.03.2017. Coordinate status: provisional_public_source_pending_asset_confirmation.,10:00,6,6.0,cukup,"CMA,ECMWF,GFS,ICON,METEOFRANCE,UKMO",Cerah Berawan,77.1,Sedang,28.25,+/-0.67,66.17,+/-6.59,0.0,+/-0.0,30.52,+/-0.39,16.7,50.0,33.3,0.0,0.0,0.0,0.67,6.59,0.0,0.39,7,0.8571,0.0,0.0
pltm_besai_kemu,PLTM Besai Kemu,2026-07-19,18.08.03.2017,Kemu,independent_site_reference,yes,-4.87997,104.50453,Asia/Jakarta,PLTM Besai Kemu forecast reference. BMKG ADM4 reference: 18.08.03.2017. Coordinate status: provisional_public_source_pending_asset_confirmation.,11:00,6,6.0,cukup,"CMA,ECMWF,GFS,ICON,METEOFRANCE,UKMO",Berawan,72.8,Sedang,29.33,+/-0.87,61.33,+/-6.42,0.02,+/-0.04,31.73,+/-0.59,16.7,33.3,33.3,16.7,0.0,0.0,0.87,6.42,0.04,0.59,7,0.8571,0.0,0.0
pltm_besai_kemu,PLTM Besai Kemu,2026-07-19,18.08.03.2017,Kemu,independent_site_reference,yes,-4.87997,104.50453,Asia/Jakarta,PLTM Besai Kemu forecast reference. BMKG ADM4 reference: 18.08.03.2017. Coordinate status: provisional_public_source_pending_asset_confirmation.,12:00,7,6.6868,cukup,"BMKG,CMA,ECMWF,GFS,ICON,METEOFRANCE,UKMO",Cerah Berawan,81.5,Tinggi,29.86,+/-1.57,57.5,+/-5.74,0.02,+/-0.04,32.81,+/-0.7,15.0,40.2,29.9,15.0,0.0,0.0,1.57,5.74,0.04,0.7,7,1.0,25.71,180.0
pltm_besai_kemu,PLTM Besai Kemu,2026-07-19,18.08.03.2017,Kemu,independent_site_reference,yes,-4.87997,104.50453,Asia/Jakarta,PLTM Besai Kemu forecast reference. BMKG ADM4 reference: 18.08.03.2017. Coordinate status: provisional_public_source_pending_asset_confirmation.,13:00,7,6.6868,cukup,"BMKG,CMA,ECMWF,GFS,ICON,METEOFRANCE,UKMO",Berawan,82.7,Tinggi,30.52,+/-1.07,58.72,+/-9.71,0.02,+/-0.04,32.93,+/-0.99,15.0,25.2,44.9,15.0,0.0,0.0,1.07,9.71,0.04,0.99,7,1.0,17.14,120.0
pltm_besai_kemu,PLTM Besai Kemu,2026-07-19,18.08.03.2017,Kemu,independent_site_reference,yes,-4.87997,104.50453,Asia/Jakarta,PLTM Besai Kemu forecast reference. BMKG ADM4 reference: 18.08.03.2017. Coordinate status: provisional_public_source_pending_asset_confirmation.,14:00,7,6.9366,cukup,"BMKG,CMA,ECMWF,GFS,ICON,METEOFRANCE,UKMO",Berawan,83.8,Tinggi,30.12,+/-0.45,56.33,+/-4.23,0.05,+/-0.11,33.05,+/-1.09,14.4,27.9,43.2,14.4,0.0,0.0,0.45,4.23,0.11,1.09,7,1.0,8.57,60.0
pltm_besai_kemu,PLTM Besai Kemu,2026-07-19,18.08.03.2017,Kemu,independent_site_reference,yes,-4.87997,104.50453,Asia/Jakarta,PLTM Besai Kemu forecast reference. BMKG ADM4 reference: 18.08.03.2017. Coordinate status: provisional_public_source_pending_asset_confirmation.,15:00,7,7.2488,cukup,"BMKG,CMA,ECMWF,GFS,ICON,METEOFRANCE,UKMO",Cerah Berawan,80.9,Tinggi,29.21,+/-2.03,61.8,+/-5.27,0.07,+/-0.11,31.28,+/-2.77,13.8,31.0,27.6,27.6,0.0,0.0,2.03,5.27,0.11,2.77,7,1.0,0.0,0.0
pltm_besai_kemu,PLTM Besai Kemu,2026-07-19,18.08.03.2017,Kemu,independent_site_reference,yes,-4.87997,104.50453,Asia/Jakarta,PLTM Besai Kemu forecast reference. BMKG ADM4 reference: 18.08.03.2017. Coordinate status: provisional_public_source_pending_asset_confirmation.,16:00,7,6.9366,cukup,"BMKG,CMA,ECMWF,GFS,ICON,METEOFRANCE,UKMO",Cerah Berawan,82.3,Tinggi,28.7,+/-1.94,65.43,+/-10.61,0.08,+/-0.12,30.73,+/-2.38,14.4,42.3,14.4,28.8,0.0,0.0,1.94,10.61,0.12,2.38,7,1.0,8.57,60.0
pltm_besai_kemu,PLTM Besai Kemu,2026-07-19,18.08.03.2017,Kemu,independent_site_reference,yes,-4.87997,104.50453,Asia/Jakarta,PLTM Besai Kemu forecast reference. BMKG ADM4 reference: 18.08.03.2017. Coordinate status: provisional_public_source_pending_asset_confirmation.,17:00,7,6.9366,cukup,"BMKG,CMA,ECMWF,GFS,ICON,METEOFRANCE,UKMO",Hujan Ringan,82.2,Tinggi,27.42,+/-2.31,72.39,+/-13.55,0.04,+/-0.05,28.68,+/-3.12,0.0,42.3,14.4,43.2,0.0,0.0,2.31,13.55,0.05,3.12,7,1.0,8.57,60.0
pltm_besai_kemu,PLTM Besai Kemu,2026-07-19,18.08.03.2017,Kemu,independent_site_reference,yes,-4.87997,104.50453,Asia/Jakarta,PLTM Besai Kemu forecast reference. BMKG ADM4 reference: 18.08.03.2017. Coordinate status: provisional_public_source_pending_asset_confirmation.,18:00,7,7.2488,cukup,"BMKG,CMA,ECMWF,GFS,ICON,METEOFRANCE,UKMO",Hujan Ringan,86.7,Tinggi,25.34,+/-1.13,78.89,+/-14.58,0.08,+/-0.07,26.57,+/-2.79,0.0,31.0,13.8,55.2,0.0,0.0,1.13,14.58,0.07,2.79,7,1.0,0.0,0.0
pltm_besai_kemu,PLTM Besai Kemu,2026-07-19,18.08.03.2017,Kemu,independent_site_reference,yes,-4.87997,104.50453,Asia/Jakarta,PLTM Besai Kemu forecast reference. BMKG ADM4 reference: 18.08.03.2017. Coordinate status: provisional_public_source_pending_asset_confirmation.,19:00,7,6.9366,cukup,"BMKG,CMA,ECMWF,GFS,ICON,METEOFRANCE,UKMO",Hujan Ringan,83.6,Tinggi,24.59,+/-0.88,90.38,+/-3.79,0.05,+/-0.05,24.59,+/-0.88,0.0,42.3,14.4,43.2,0.0,0.0,0.88,3.79,0.05,0.88,7,1.0,8.57,60.0
pltm_besai_kemu,PLTM Besai Kemu,2026-07-19,18.08.03.2017,Kemu,independent_site_reference,yes,-4.87997,104.50453,Asia/Jakarta,PLTM Besai Kemu forecast reference. BMKG ADM4 reference: 18.08.03.2017. Coordinate status: provisional_public_source_pending_asset_confirmation.,20:00,7,6.9366,cukup,"BMKG,CMA,ECMWF,GFS,ICON,METEOFRANCE,UKMO",Cerah Berawan,87.3,Tinggi,23.91,+/-0.83,94.75,+/-0.44,0.0,+/-0.0,23.91,+/-0.83,28.8,56.8,14.4,0.0,0.0,0.0,0.83,0.44,0.0,0.83,7,1.0,8.57,60.0
pltm_besai_kemu,PLTM Besai Kemu,2026-07-19,18.08.03.2017,Kemu,independent_site_reference,yes,-4.87997,104.50453,Asia/Jakarta,PLTM Besai Kemu forecast reference. BMKG ADM4 reference: 18.08.03.2017. Coordinate status: provisional_public_source_pending_asset_confirmation.,21:00,7,7.2488,cukup,"BMKG,CMA,ECMWF,GFS,ICON,METEOFRANCE,UKMO",Cerah Berawan,91.7,Tinggi,24.28,+/-1.81,93.29,+/-2.12,0.0,+/-0.0,23.61,+/-0.7,13.8,72.4,13.8,0.0,0.0,0.0,1.81,2.12,0.0,0.7,7,1.0,0.0,0.0
pltm_besai_kemu,PLTM Besai Kemu,2026-07-19,18.08.03.2017,Kemu,independent_site_reference,yes,-4.87997,104.50453,Asia/Jakarta,PLTM Besai Kemu forecast reference. BMKG ADM4 reference: 18.08.03.2017. Coordinate status: provisional_public_source_pending_asset_confirmation.,22:00,7,6.9366,cukup,"BMKG,CMA,ECMWF,GFS,ICON,METEOFRANCE,UKMO",Cerah Berawan,87.2,Tinggi,23.27,+/-0.71,92.64,+/-2.5,0.0,+/-0.0,23.27,+/-0.71,28.8,56.8,14.4,0.0,0.0,0.0,0.71,2.5,0.0,0.71,7,1.0,8.57,60.0
pltm_besai_kemu,PLTM Besai Kemu,2026-07-19,18.08.03.2017,Kemu,independent_site_reference,yes,-4.87997,104.50453,Asia/Jakarta,PLTM Besai Kemu forecast reference. BMKG ADM4 reference: 18.08.03.2017. Coordinate status: provisional_public_source_pending_asset_confirmation.,23:00,7,6.6868,cukup,"BMKG,CMA,ECMWF,GFS,ICON,METEOFRANCE,UKMO",Cerah Berawan,81.6,Tinggi,23.43,+/-1.65,93.59,+/-1.61,0.15,+/-0.34,22.81,+/-0.77,29.9,40.2,15.0,15.0,0.0,0.0,1.65,1.61,0.34,0.77,7,1.0,17.14,120.0
pltm_besai_kemu,PLTM Besai Kemu,2026-07-20,18.08.03.2017,Kemu,independent_site_reference,yes,-4.87997,104.50453,Asia/Jakarta,PLTM Besai Kemu forecast reference. BMKG ADM4 reference: 18.08.03.2017. Coordinate status: provisional_public_source_pending_asset_confirmation.,00:00,7,7.216,cukup,"BMKG,CMA,ECMWF,GFS,ICON,METEOFRANCE,UKMO",Berawan,85.0,Tinggi,22.43,+/-0.64,94.03,+/-1.28,0.15,+/-0.34,22.43,+/-0.64,27.7,13.9,44.6,13.9,0.0,0.0,0.64,1.28,0.34,0.64,7,1.0,0.0,0.0
pltm_besai_kemu,PLTM Besai Kemu,2026-07-20,18.08.03.2017,Kemu,independent_site_reference,yes,-4.87997,104.50453,Asia/Jakarta,PLTM Besai Kemu forecast reference. BMKG ADM4 reference: 18.08.03.2017. Coordinate status: provisional_public_source_pending_asset_confirmation.,01:00,7,6.912,cukup,"BMKG,CMA,ECMWF,GFS,ICON,METEOFRANCE,UKMO",Berawan,83.3,Tinggi,22.27,+/-0.56,93.82,+/-2.28,0.15,+/-0.34,22.27,+/-0.56,28.9,14.5,42.1,14.5,0.0,0.0,0.56,2.28,0.34,0.56,7,1.0,8.57,60.0
pltm_besai_kemu,PLTM Besai Kemu,2026-07-20,18.08.03.2017,Kemu,independent_site_reference,yes,-4.87997,104.50453,Asia/Jakarta,PLTM Besai Kemu forecast reference. BMKG ADM4 reference: 18.08.03.2017. Coordinate status: provisional_public_source_pending_asset_confirmation.,02:00,7,6.912,cukup,"BMKG,CMA,ECMWF,GFS,ICON,METEOFRANCE,UKMO",Cerah Berawan,83.9,Tinggi,22.14,+/-0.52,93.31,+/-2.82,0.0,+/-0.0,22.14,+/-0.52,27.7,43.4,28.9,0.0,0.0,0.0,0.52,2.82,0.0,0.52,7,1.0,8.57,60.0
pltm_besai_kemu,PLTM Besai Kemu,2026-07-20,18.08.03.2017,Kemu,independent_site_reference,yes,-4.87997,104.50453,Asia/Jakarta,PLTM Besai Kemu forecast reference. BMKG ADM4 reference: 18.08.03.2017. Coordinate status: provisional_public_source_pending_asset_confirmation.,03:00,7,7.216,cukup,"BMKG,CMA,ECMWF,GFS,ICON,METEOFRANCE,UKMO",Cerah Berawan,84.5,Tinggi,22.1,+/-0.45,92.91,+/-3.15,0.0,+/-0.0,22.1,+/-0.45,30.7,41.6,27.7,0.0,0.0,0.0,0.45,3.15,0.0,0.45,7,1.0,0.0,0.0
pltm_besai_kemu,PLTM Besai Kemu,2026-07-20,18.08.03.2017,Kemu,independent_site_reference,yes,-4.87997,104.50453,Asia/Jakarta,PLTM Besai Kemu forecast reference. BMKG ADM4 reference: 18.08.03.2017. Coordinate status: provisional_public_source_pending_asset_confirmation.,04:00,7,6.912,cukup,"BMKG,CMA,ECMWF,GFS,ICON,METEOFRANCE,UKMO",Cerah Berawan,83.9,Tinggi,22.0,+/-0.47,92.46,+/-2.94,0.0,+/-0.0,22.0,+/-0.47,27.7,43.4,28.9,0.0,0.0,0.0,0.47,2.94,0.0,0.47,7,1.0,8.57,60.0
pltm_besai_kemu,PLTM Besai Kemu,2026-07-20,18.08.03.2017,Kemu,independent_site_reference,yes,-4.87997,104.50453,Asia/Jakarta,PLTM Besai Kemu forecast reference. BMKG ADM4 reference: 18.08.03.2017. Coordinate status: provisional_public_source_pending_asset_confirmation.,05:00,7,6.912,cukup,"BMKG,CMA,ECMWF,GFS,ICON,METEOFRANCE,UKMO",Cerah Berawan,87.4,Tinggi,21.88,+/-0.5,90.8,+/-4.98,0.0,+/-0.0,21.88,+/-0.5,13.2,57.9,28.9,0.0,0.0,0.0,0.5,4.98,0.0,0.5,7,1.0,8.57,60.0
pltm_besai_kemu,PLTM Besai Kemu,2026-07-20,18.08.03.2017,Kemu,independent_site_reference,yes,-4.87997,104.50453,Asia/Jakarta,PLTM Besai Kemu forecast reference. BMKG ADM4 reference: 18.08.03.2017. Coordinate status: provisional_public_source_pending_asset_confirmation.,06:00,7,7.216,cukup,"BMKG,CMA,ECMWF,GFS,ICON,METEOFRANCE,UKMO",Berawan,84.3,Tinggi,21.76,+/-0.65,91.54,+/-4.6,0.0,+/-0.0,21.76,+/-0.65,30.7,27.7,41.6,0.0,0.0,0.0,0.65,4.6,0.0,0.65,7,1.0,0.0,0.0
pltm_besai_kemu,PLTM Besai Kemu,2026-07-20,18.08.03.2017,Kemu,independent_site_reference,yes,-4.87997,104.50453,Asia/Jakarta,PLTM Besai Kemu forecast reference. BMKG ADM4 reference: 18.08.03.2017. Coordinate status: provisional_public_source_pending_asset_confirmation.,07:00,7,6.912,cukup,"BMKG,CMA,ECMWF,GFS,ICON,METEOFRANCE,UKMO",Cerah Berawan,87.4,Tinggi,22.44,+/-0.57,89.21,+/-4.44,0.0,+/-0.0,22.44,+/-0.57,27.7,57.9,14.5,0.0,0.0,0.0,0.57,4.44,0.0,0.57,7,1.0,8.57,60.0
pltm_besai_kemu,PLTM Besai Kemu,2026-07-20,18.08.03.2017,Kemu,independent_site_reference,yes,-4.87997,104.50453,Asia/Jakarta,PLTM Besai Kemu forecast reference. BMKG ADM4 reference: 18.08.03.2017. Coordinate status: provisional_public_source_pending_asset_confirmation.,08:00,7,6.912,cukup,"BMKG,CMA,ECMWF,GFS,ICON,METEOFRANCE,UKMO",Cerah Berawan,83.6,Tinggi,25.22,+/-0.82,79.63,+/-4.56,0.0,+/-0.0,25.22,+/-0.82,42.1,43.4,14.5,0.0,0.0,0.0,0.82,4.56,0.0,0.82,7,1.0,8.57,60.0
pltm_besai_kemu,PLTM Besai Kemu,2026-07-20,18.08.03.2017,Kemu,independent_site_reference,yes,-4.87997,104.50453,Asia/Jakarta,PLTM Besai Kemu forecast reference. BMKG ADM4 reference: 18.08.03.2017. Coordinate status: provisional_public_source_pending_asset_confirmation.,09:00,7,7.216,cukup,"BMKG,CMA,ECMWF,GFS,ICON,METEOFRANCE,UKMO",Cerah Berawan,87.6,Tinggi,26.71,+/-0.8,72.09,+/-4.79,0.0,+/-0.0,27.54,+/-1.73,30.7,55.4,13.9,0.0,0.0,0.0,0.8,4.79,0.0,1.73,7,1.0,0.0,0.0
pltm_besai_kemu,PLTM Besai Kemu,2026-07-20,18.08.03.2017,Kemu,independent_site_reference,yes,-4.87997,104.50453,Asia/Jakarta,PLTM Besai Kemu forecast reference. BMKG ADM4 reference: 18.08.03.2017. Coordinate status: provisional_public_source_pending_asset_confirmation.,10:00,7,6.912,cukup,"BMKG,CMA,ECMWF,GFS,ICON,METEOFRANCE,UKMO",Cerah Berawan,83.6,Tinggi,27.42,+/-0.72,67.04,+/-5.84,0.0,+/-0.0,30.23,+/-1.1,42.1,43.4,14.5,0.0,0.0,0.0,0.72,5.84,0.0,1.1,7,1.0,8.57,60.0
pltm_besai_kemu,PLTM Besai Kemu,2026-07-20,18.08.03.2017,Kemu,independent_site_reference,yes,-4.87997,104.50453,Asia/Jakarta,PLTM Besai Kemu forecast reference. BMKG ADM4 reference: 18.08.03.2017. Coordinate status: provisional_public_source_pending_asset_confirmation.,11:00,7,6.912,cukup,"BMKG,CMA,ECMWF,GFS,ICON,METEOFRANCE,UKMO",Cerah Berawan,94.2,Tinggi,28.68,+/-0.53,61.92,+/-5.5,0.0,+/-0.0,31.02,+/-0.52,14.5,85.5,0.0,0.0,0.0,0.0,0.53,5.5,0.0,0.52,7,1.0,8.57,60.0
pltm_besai_kemu,PLTM Besai Kemu,2026-07-20,18.08.03.2017,Kemu,independent_site_reference,yes,-4.87997,104.50453,Asia/Jakarta,PLTM Besai Kemu forecast reference. BMKG ADM4 reference: 18.08.03.2017. Coordinate status: provisional_public_source_pending_asset_confirmation.,12:00,7,7.216,cukup,"BMKG,CMA,ECMWF,GFS,ICON,METEOFRANCE,UKMO",Cerah Berawan,98.4,Tinggi,29.83,+/-1.26,58.44,+/-6.48,0.0,+/-0.0,32.11,+/-1.12,0.0,100.0,0.0,0.0,0.0,0.0,1.26,6.48,0.0,1.12,7,1.0,0.0,0.0
pltm_besai_kemu,PLTM Besai Kemu,2026-07-20,18.08.03.2017,Kemu,independent_site_reference,yes,-4.87997,104.50453,Asia/Jakarta,PLTM Besai Kemu forecast reference. BMKG ADM4 reference: 18.08.03.2017. Coordinate status: provisional_public_source_pending_asset_confirmation.,13:00,7,6.912,cukup,"BMKG,CMA,ECMWF,GFS,ICON,METEOFRANCE,UKMO",Cerah Berawan,94.0,Tinggi,30.11,+/-1.05,57.29,+/-5.16,0.0,+/-0.0,32.44,+/-1.05,0.0,85.5,14.5,0.0,0.0,0.0,1.05,5.16,0.0,1.05,7,1.0,8.57,60.0
pltm_besai_kemu,PLTM Besai Kemu,2026-07-20,18.08.03.2017,Kemu,independent_site_reference,yes,-4.87997,104.50453,Asia/Jakarta,PLTM Besai Kemu forecast reference. BMKG ADM4 reference: 18.08.03.2017. Coordinate status: provisional_public_source_pending_asset_confirmation.,14:00,7,6.912,cukup,"BMKG,CMA,ECMWF,GFS,ICON,METEOFRANCE,UKMO",Cerah Berawan,94.2,Tinggi,30.14,+/-1.18,58.25,+/-0.83,0.02,+/-0.04,32.17,+/-0.56,0.0,85.5,0.0,14.5,0.0,0.0,1.18,0.83,0.04,0.56,7,1.0,8.57,60.0
pltm_besai_kemu,PLTM Besai Kemu,2026-07-20,18.08.03.2017,Kemu,independent_site_reference,yes,-4.87997,104.50453,Asia/Jakarta,PLTM Besai Kemu forecast reference. BMKG ADM4 reference: 18.08.03.2017. Coordinate status: provisional_public_source_pending_asset_confirmation.,15:00,7,7.216,cukup,"BMKG,CMA,ECMWF,GFS,ICON,METEOFRANCE,UKMO",Cerah Berawan,94.7,Tinggi,29.97,+/-1.38,58.86,+/-8.41,0.03,+/-0.07,32.36,+/-1.04,0.0,86.1,0.0,13.9,0.0,0.0,1.38,8.41,0.07,1.04,7,1.0,0.0,0.0
pltm_besai_kemu,PLTM Besai Kemu,2026-07-20,18.08.03.2017,Kemu,independent_site_reference,yes,-4.87997,104.50453,Asia/Jakarta,PLTM Besai Kemu forecast reference. BMKG ADM4 reference: 18.08.03.2017. Coordinate status: provisional_public_source_pending_asset_confirmation.,16:00,7,6.912,cukup,"BMKG,CMA,ECMWF,GFS,ICON,METEOFRANCE,UKMO",Cerah Berawan,86.0,Tinggi,29.43,+/-1.73,60.85,+/-9.77,0.05,+/-0.08,32.24,+/-0.98,0.0,56.6,14.5,28.9,0.0,0.0,1.73,9.77,0.08,0.98,7,1.0,8.57,60.0
pltm_besai_kemu,PLTM Besai Kemu,2026-07-20,18.08.03.2017,Kemu,independent_site_reference,yes,-4.87997,104.50453,Asia/Jakarta,PLTM Besai Kemu forecast reference. BMKG ADM4 reference: 18.08.03.2017. Coordinate status: provisional_public_source_pending_asset_confirmation.,17:00,7,6.912,cukup,"BMKG,CMA,ECMWF,GFS,ICON,METEOFRANCE,UKMO",Cerah Berawan,86.4,Tinggi,28.2,+/-1.12,67.39,+/-13.46,0.03,+/-0.07,30.74,+/-2.41,0.0,57.9,27.7,14.5,0.0,0.0,1.12,13.46,0.07,2.41,7,1.0,8.57,60.0
pltm_besai_kemu,PLTM Besai Kemu,2026-07-20,18.08.03.2017,Kemu,independent_site_reference,yes,-4.87997,104.50453,Asia/Jakarta,PLTM Besai Kemu forecast reference. BMKG ADM4 reference: 18.08.03.2017. Coordinate status: provisional_public_source_pending_asset_confirmation.,18:00,7,7.216,cukup,"BMKG,CMA,ECMWF,GFS,ICON,METEOFRANCE,UKMO",Berawan,84.4,Tinggi,25.9,+/-1.41,74.6,+/-5.92,0.08,+/-0.15,27.74,+/-3.05,0.0,41.6,44.6,13.9,0.0,0.0,1.41,5.92,0.15,3.05,7,1.0,0.0,0.0
pltm_besai_kemu,PLTM Besai Kemu,2026-07-20,18.08.03.2017,Kemu,independent_site_reference,yes,-4.87997,104.50453,Asia/Jakarta,PLTM Besai Kemu forecast reference. BMKG ADM4 reference: 18.08.03.2017. Coordinate status: provisional_public_source_pending_asset_confirmation.,19:00,7,6.912,cukup,"BMKG,CMA,ECMWF,GFS,ICON,METEOFRANCE,UKMO",Berawan,86.5,Tinggi,25.69,+/-1.99,78.75,+/-1.48,0.05,+/-0.08,24.98,+/-1.06,0.0,28.9,56.6,14.5,0.0,0.0,1.99,1.48,0.08,1.06,7,1.0,8.57,60.0
pltm_besai_kemu,PLTM Besai Kemu,2026-07-20,18.08.03.2017,Kemu,independent_site_reference,yes,-4.87997,104.50453,Asia/Jakarta,PLTM Besai Kemu forecast reference. BMKG ADM4 reference: 18.08.03.2017. Coordinate status: provisional_public_source_pending_asset_confirmation.,20:00,7,6.912,cukup,"BMKG,CMA,ECMWF,GFS,ICON,METEOFRANCE,UKMO",Hujan Ringan,83.3,Tinggi,25.17,+/-0.18,81.99,+/-11.41,0.08,+/-0.11,25.17,+/-0.18,0.0,28.9,27.7,43.4,0.0,0.0,0.18,11.41,0.11,0.18,7,1.0,8.57,60.0
pltm_besai_kemu,PLTM Besai Kemu,2026-07-20,18.08.03.2017,Kemu,independent_site_reference,yes,-4.87997,104.50453,Asia/Jakarta,PLTM Besai Kemu forecast reference. BMKG ADM4 reference: 18.08.03.2017. Coordinate status: provisional_public_source_pending_asset_confirmation.,21:00,7,7.216,cukup,"BMKG,CMA,ECMWF,GFS,ICON,METEOFRANCE,UKMO",Berawan,84.8,Tinggi,24.0,+/-0.99,89.66,+/-5.04,0.05,+/-0.05,24.0,+/-0.99,0.0,13.9,44.6,41.6,0.0,0.0,0.99,5.04,0.05,0.99,7,1.0,0.0,0.0
pltm_besai_kemu,PLTM Besai Kemu,2026-07-20,18.08.03.2017,Kemu,independent_site_reference,yes,-4.87997,104.50453,Asia/Jakarta,PLTM Besai Kemu forecast reference. BMKG ADM4 reference: 18.08.03.2017. Coordinate status: provisional_public_source_pending_asset_confirmation.,22:00,7,6.912,cukup,"BMKG,CMA,ECMWF,GFS,ICON,METEOFRANCE,UKMO",Berawan,82.7,Tinggi,24.01,+/-1.87,92.14,+/-4.81,0.03,+/-0.05,23.34,+/-0.96,14.5,28.9,42.1,14.5,0.0,0.0,1.87,4.81,0.05,0.96,7,1.0,8.57,60.0
pltm_besai_kemu,PLTM Besai Kemu,2026-07-20,18.08.03.2017,Kemu,independent_site_reference,yes,-4.87997,104.50453,Asia/Jakarta,PLTM Besai Kemu forecast reference. BMKG ADM4 reference: 18.08.03.2017. Coordinate status: provisional_public_source_pending_asset_confirmation.,23:00,7,6.6688,cukup,"BMKG,CMA,ECMWF,GFS,ICON,METEOFRANCE,UKMO",Berawan,81.4,Tinggi,23.67,+/-1.81,93.29,+/-4.51,0.08,+/-0.12,23.0,+/-0.91,15.0,0.0,40.0,30.0,15.0,0.0,1.81,4.51,0.12,0.91,7,1.0,17.14,120.0
pltm_besai_kemu,PLTM Besai Kemu,2026-07-21,18.08.03.2017,Kemu,independent_site_reference,yes,-4.87997,104.50453,Asia/Jakarta,PLTM Besai Kemu forecast reference. BMKG ADM4 reference: 18.08.03.2017. Coordinate status: provisional_public_source_pending_asset_confirmation.,00:00,7,7.2274,cukup,"BMKG,CMA,ECMWF,GFS,ICON,METEOFRANCE,UKMO",Berawan,85.1,Tinggi,22.21,+/-0.74,93.91,+/-3.67,0.03,+/-0.04,22.21,+/-0.74,13.8,0.0,44.7,27.7,13.8,0.0,0.74,3.67,0.04,0.74,7,1.0,0.0,0.0
pltm_besai_kemu,PLTM Besai Kemu,2026-07-21,18.08.03.2017,Kemu,independent_site_reference,yes,-4.87997,104.50453,Asia/Jakarta,PLTM Besai Kemu forecast reference. BMKG ADM4 reference: 18.08.03.2017. Coordinate status: provisional_public_source_pending_asset_confirmation.,01:00,7,6.9205,cukup,"BMKG,CMA,ECMWF,GFS,ICON,METEOFRANCE,UKMO",Berawan,83.3,Tinggi,22.41,+/-1.01,93.47,+/-3.7,0.03,+/-0.04,22.41,+/-1.01,14.4,0.0,42.2,28.9,14.4,0.0,1.01,3.7,0.04,1.01,7,1.0,8.57,60.0
pltm_besai_kemu,PLTM Besai Kemu,2026-07-21,18.08.03.2017,Kemu,independent_site_reference,yes,-4.87997,104.50453,Asia/Jakarta,PLTM Besai Kemu forecast reference. BMKG ADM4 reference: 18.08.03.2017. Coordinate status: provisional_public_source_pending_asset_confirmation.,02:00,7,6.9205,cukup,"BMKG,CMA,ECMWF,GFS,ICON,METEOFRANCE,UKMO",Hujan Ringan,83.1,Tinggi,21.28,+/-0.16,90.51,+/-7.89,0.68,+/-0.78,21.28,+/-0.16,14.4,14.4,27.8,43.3,0.0,0.0,0.16,7.89,0.78,0.16,7,1.0,8.57,60.0
pltm_besai_kemu,PLTM Besai Kemu,2026-07-21,18.08.03.2017,Kemu,independent_site_reference,yes,-4.87997,104.50453,Asia/Jakarta,PLTM Besai Kemu forecast reference. BMKG ADM4 reference: 18.08.03.2017. Coordinate status: provisional_public_source_pending_asset_confirmation.,03:00,7,7.2274,cukup,"BMKG,CMA,ECMWF,GFS,ICON,METEOFRANCE,UKMO",Berawan,84.4,Tinggi,21.92,+/-1.01,93.59,+/-3.18,0.72,+/-0.79,21.92,+/-1.01,13.8,0.0,44.7,41.5,0.0,0.0,1.01,3.18,0.79,1.01,7,1.0,0.0,0.0
pltm_besai_kemu,PLTM Besai Kemu,2026-07-21,18.08.03.2017,Kemu,independent_site_reference,yes,-4.87997,104.50453,Asia/Jakarta,PLTM Besai Kemu forecast reference. BMKG ADM4 reference: 18.08.03.2017. Coordinate status: provisional_public_source_pending_asset_confirmation.,04:00,7,6.9205,cukup,"BMKG,CMA,ECMWF,GFS,ICON,METEOFRANCE,UKMO",Hujan Ringan,86.5,Tinggi,22.58,+/-1.83,93.3,+/-3.36,0.34,+/-0.45,22.58,+/-1.83,14.4,0.0,27.8,57.8,0.0,0.0,1.83,3.36,0.45,1.83,7,1.0,8.57,60.0
pltm_besai_kemu,PLTM Besai Kemu,2026-07-21,18.08.03.2017,Kemu,independent_site_reference,yes,-4.87997,104.50453,Asia/Jakarta,PLTM Besai Kemu forecast reference. BMKG ADM4 reference: 18.08.03.2017. Coordinate status: provisional_public_source_pending_asset_confirmation.,05:00,7,6.9205,cukup,"BMKG,CMA,ECMWF,GFS,ICON,METEOFRANCE,UKMO",Berawan,82.5,Tinggi,22.44,+/-1.84,90.11,+/-7.35,0.07,+/-0.15,22.44,+/-1.84,14.4,28.9,42.2,14.4,0.0,0.0,1.84,7.35,0.15,1.84,7,1.0,8.57,60.0
pltm_besai_kemu,PLTM Besai Kemu,2026-07-21,18.08.03.2017,Kemu,independent_site_reference,yes,-4.87997,104.50453,Asia/Jakarta,PLTM Besai Kemu forecast reference. BMKG ADM4 reference: 18.08.03.2017. Coordinate status: provisional_public_source_pending_asset_confirmation.,06:00,7,7.2274,cukup,"BMKG,CMA,ECMWF,GFS,ICON,METEOFRANCE,UKMO",Berawan,84.5,Tinggi,22.29,+/-1.86,92.84,+/-3.37,0.03,+/-0.07,22.29,+/-1.86,13.8,27.7,44.7,13.8,0.0,0.0,1.86,3.37,0.07,1.86,7,1.0,0.0,0.0
pltm_besai_kemu,PLTM Besai Kemu,2026-07-21,18.08.03.2017,Kemu,independent_site_reference,yes,-4.87997,104.50453,Asia/Jakarta,PLTM Besai Kemu forecast reference. BMKG ADM4 reference: 18.08.03.2017. Coordinate status: provisional_public_source_pending_asset_confirmation.,07:00,7,6.9205,cukup,"BMKG,CMA,ECMWF,GFS,ICON,METEOFRANCE,UKMO",Cerah,83.2,Tinggi,22.79,+/-1.68,91.14,+/-4.36,0.02,+/-0.04,22.79,+/-1.68,43.3,14.4,42.2,0.0,0.0,0.0,1.68,4.36,0.04,1.68,7,1.0,8.57,60.0
pltm_besai_kemu,PLTM Besai Kemu,2026-07-21,18.08.03.2017,Kemu,independent_site_reference,yes,-4.87997,104.50453,Asia/Jakarta,PLTM Besai Kemu forecast reference. BMKG ADM4 reference: 18.08.03.2017. Coordinate status: provisional_public_source_pending_asset_confirmation.,08:00,7,6.9205,cukup,"BMKG,CMA,ECMWF,GFS,ICON,METEOFRANCE,UKMO",Berawan,82.8,Tinggi,24.92,+/-1.31,81.09,+/-8.35,0.0,+/-0.0,24.14,+/-0.41,28.9,28.9,42.2,0.0,0.0,0.0,1.31,8.35,0.0,0.41,7,1.0,8.57,60.0
pltm_besai_kemu,PLTM Besai Kemu,2026-07-21,18.08.03.2017,Kemu,independent_site_reference,yes,-4.87997,104.50453,Asia/Jakarta,PLTM Besai Kemu forecast reference. BMKG ADM4 reference: 18.08.03.2017. Coordinate status: provisional_public_source_pending_asset_confirmation.,09:00,7,7.2274,cukup,"BMKG,CMA,ECMWF,GFS,ICON,METEOFRANCE,UKMO",Cerah Berawan,83.9,Tinggi,26.54,+/-0.94,73.0,+/-7.48,0.0,+/-0.0,27.35,+/-1.77,27.7,41.5,30.8,0.0,0.0,0.0,0.94,7.48,0.0,1.77,7,1.0,0.0,0.0
pltm_besai_kemu,PLTM Besai Kemu,2026-07-21,18.08.03.2017,Kemu,independent_site_reference,yes,-4.87997,104.50453,Asia/Jakarta,PLTM Besai Kemu forecast reference. BMKG ADM4 reference: 18.08.03.2017. Coordinate status: provisional_public_source_pending_asset_confirmation.,10:00,7,6.9205,cukup,"BMKG,CMA,ECMWF,GFS,ICON,METEOFRANCE,UKMO",Cerah Berawan,83.5,Tinggi,27.2,+/-0.61,69.39,+/-7.98,0.0,+/-0.0,29.7,+/-0.55,28.9,43.3,27.8,0.0,0.0,0.0,0.61,7.98,0.0,0.55,7,1.0,8.57,60.0
pltm_besai_kemu,PLTM Besai Kemu,2026-07-21,18.08.03.2017,Kemu,independent_site_reference,yes,-4.87997,104.50453,Asia/Jakarta,PLTM Besai Kemu forecast reference. BMKG ADM4 reference: 18.08.03.2017. Coordinate status: provisional_public_source_pending_asset_confirmation.,11:00,7,6.9205,cukup,"BMKG,CMA,ECMWF,GFS,ICON,METEOFRANCE,UKMO",Hujan Ringan,79.7,Sedang,28.45,+/-0.82,65.9,+/-7.95,0.03,+/-0.05,30.8,+/-0.48,27.8,28.9,14.4,28.9,0.0,0.0,0.82,7.95,0.05,0.48,7,1.0,8.57,60.0
pltm_besai_kemu,PLTM Besai Kemu,2026-07-21,18.08.03.2017,Kemu,independent_site_reference,yes,-4.87997,104.50453,Asia/Jakarta,PLTM Besai Kemu forecast reference. BMKG ADM4 reference: 18.08.03.2017. Coordinate status: provisional_public_source_pending_asset_confirmation.,12:00,7,7.2274,cukup,"BMKG,CMA,ECMWF,GFS,ICON,METEOFRANCE,UKMO",Hujan Ringan,80.4,Tinggi,29.1,+/-0.91,63.25,+/-8.32,0.03,+/-0.05,31.58,+/-0.61,17.0,27.7,27.7,27.7,0.0,0.0,0.91,8.32,0.05,0.61,7,1.0,0.0,0.0
pltm_besai_kemu,PLTM Besai Kemu,2026-07-21,18.08.03.2017,Kemu,independent_site_reference,yes,-4.87997,104.50453,Asia/Jakarta,PLTM Besai Kemu forecast reference. BMKG ADM4 reference: 18.08.03.2017. Coordinate status: provisional_public_source_pending_asset_confirmation.,13:00,7,6.9205,cukup,"BMKG,CMA,ECMWF,GFS,ICON,METEOFRANCE,UKMO",Cerah Berawan,83.0,Tinggi,29.49,+/-1.19,61.71,+/-9.76,0.03,+/-0.05,31.97,+/-0.92,13.3,43.3,14.4,28.9,0.0,0.0,1.19,9.76,0.05,0.92,7,1.0,8.57,60.0
pltm_besai_kemu,PLTM Besai Kemu,2026-07-21,18.08.03.2017,Kemu,independent_site_reference,yes,-4.87997,104.50453,Asia/Jakarta,PLTM Besai Kemu forecast reference. BMKG ADM4 reference: 18.08.03.2017. Coordinate status: provisional_public_source_pending_asset_confirmation.,14:00,7,6.9205,cukup,"BMKG,CMA,ECMWF,GFS,ICON,METEOFRANCE,UKMO",Hujan Ringan,83.0,Tinggi,29.55,+/-1.6,56.76,+/-7.01,0.08,+/-0.12,31.78,+/-1.42,13.3,28.9,14.4,43.3,0.0,0.0,1.6,7.01,0.12,1.42,7,1.0,8.57,60.0
pltm_besai_kemu,PLTM Besai Kemu,2026-07-21,18.08.03.2017,Kemu,independent_site_reference,yes,-4.87997,104.50453,Asia/Jakarta,PLTM Besai Kemu forecast reference. BMKG ADM4 reference: 18.08.03.2017. Coordinate status: provisional_public_source_pending_asset_confirmation.,15:00,7,7.2274,cukup,"BMKG,CMA,ECMWF,GFS,ICON,METEOFRANCE,UKMO",Hujan Ringan,87.0,Tinggi,29.2,+/-1.71,58.31,+/-6.46,0.1,+/-0.11,31.05,+/-2.36,17.0,27.7,0.0,55.3,0.0,0.0,1.71,6.46,0.11,2.36,7,1.0,0.0,0.0
pltm_besai_kemu,PLTM Besai Kemu,2026-07-21,18.08.03.2017,Kemu,independent_site_reference,yes,-4.87997,104.50453,Asia/Jakarta,PLTM Besai Kemu forecast reference. BMKG ADM4 reference: 18.08.03.2017. Coordinate status: provisional_public_source_pending_asset_confirmation.,16:00,7,6.9205,cukup,"BMKG,CMA,ECMWF,GFS,ICON,METEOFRANCE,UKMO",Hujan Ringan,86.1,Tinggi,28.65,+/-1.77,65.32,+/-12.04,0.1,+/-0.11,30.53,+/-2.48,13.3,28.9,0.0,57.8,0.0,0.0,1.77,12.04,0.11,2.48,7,1.0,8.57,60.0
pltm_besai_kemu,PLTM Besai Kemu,2026-07-21,18.08.03.2017,Kemu,independent_site_reference,yes,-4.87997,104.50453,Asia/Jakarta,PLTM Besai Kemu forecast reference. BMKG ADM4 reference: 18.08.03.2017. Coordinate status: provisional_public_source_pending_asset_confirmation.,17:00,7,6.9205,cukup,"BMKG,CMA,ECMWF,GFS,ICON,METEOFRANCE,UKMO",Hujan Ringan,82.3,Tinggi,27.21,+/-2.12,73.43,+/-12.22,0.06,+/-0.08,28.56,+/-3.22,13.3,43.3,0.0,43.3,0.0,0.0,2.12,12.22,0.08,3.22,7,1.0,8.57,60.0
pltm_besai_kemu,PLTM Besai Kemu,2026-07-21,18.08.03.2017,Kemu,independent_site_reference,yes,-4.87997,104.50453,Asia/Jakarta,PLTM Besai Kemu forecast reference. BMKG ADM4 reference: 18.08.03.2017. Coordinate status: provisional_public_source_pending_asset_confirmation.,18:00,7,7.2274,cukup,"BMKG,CMA,ECMWF,GFS,ICON,METEOFRANCE,UKMO",Hujan Ringan,83.1,Tinggi,25.88,+/-1.91,79.36,+/-10.69,0.06,+/-0.08,26.82,+/-3.04,17.0,41.5,0.0,41.5,0.0,0.0,1.91,10.69,0.08,3.04,7,1.0,0.0,0.0
pltm_besai_kemu,PLTM Besai Kemu,2026-07-21,18.08.03.2017,Kemu,independent_site_reference,yes,-4.87997,104.50453,Asia/Jakarta,PLTM Besai Kemu forecast reference. BMKG ADM4 reference: 18.08.03.2017. Coordinate status: provisional_public_source_pending_asset_confirmation.,19:00,7,6.9205,cukup,"BMKG,CMA,ECMWF,GFS,ICON,METEOFRANCE,UKMO",Hujan Ringan,82.7,Tinggi,25.01,+/-1.68,83.69,+/-9.67,0.08,+/-0.09,24.44,+/-1.02,27.8,14.4,14.4,43.3,0.0,0.0,1.68,9.67,0.09,1.02,7,1.0,8.57,60.0
pltm_besai_kemu,PLTM Besai Kemu,2026-07-21,18.08.03.2017,Kemu,independent_site_reference,yes,-4.87997,104.50453,Asia/Jakarta,PLTM Besai Kemu forecast reference. BMKG ADM4 reference: 18.08.03.2017. Coordinate status: provisional_public_source_pending_asset_confirmation.,20:00,7,6.9205,cukup,"BMKG,CMA,ECMWF,GFS,ICON,METEOFRANCE,UKMO",Hujan Ringan,83.3,Tinggi,24.33,+/-1.64,92.59,+/-2.96,0.08,+/-0.07,23.74,+/-0.87,28.9,14.4,13.3,43.3,0.0,0.0,1.64,2.96,0.07,0.87,7,1.0,8.57,60.0
pltm_besai_kemu,PLTM Besai Kemu,2026-07-21,18.08.03.2017,Kemu,independent_site_reference,yes,-4.87997,104.50453,Asia/Jakarta,PLTM Besai Kemu forecast reference. BMKG ADM4 reference: 18.08.03.2017. Coordinate status: provisional_public_source_pending_asset_confirmation.,21:00,7,7.2274,cukup,"BMKG,CMA,ECMWF,GFS,ICON,METEOFRANCE,UKMO",Cerah,81.0,Tinggi,23.29,+/-0.67,93.77,+/-0.75,0.05,+/-0.08,23.29,+/-0.67,27.7,27.7,17.0,27.7,0.0,0.0,0.67,0.75,0.08,0.67,7,1.0,0.0,0.0
pltm_besai_kemu,PLTM Besai Kemu,2026-07-21,18.08.03.2017,Kemu,independent_site_reference,yes,-4.87997,104.50453,Asia/Jakarta,PLTM Besai Kemu forecast reference. BMKG ADM4 reference: 18.08.03.2017. Coordinate status: provisional_public_source_pending_asset_confirmation.,22:00,7,6.9205,cukup,"BMKG,CMA,ECMWF,GFS,ICON,METEOFRANCE,UKMO",Cerah,80.1,Tinggi,23.03,+/-0.71,93.0,+/-2.91,0.07,+/-0.07,23.03,+/-0.71,28.9,14.4,27.8,28.9,0.0,0.0,0.71,2.91,0.07,0.71,7,1.0,8.57,60.0
pltm_besai_kemu,PLTM Besai Kemu,2026-07-21,18.08.03.2017,Kemu,independent_site_reference,yes,-4.87997,104.50453,Asia/Jakarta,PLTM Besai Kemu forecast reference. BMKG ADM4 reference: 18.08.03.2017. Coordinate status: provisional_public_source_pending_asset_confirmation.,23:00,7,6.6751,cukup,"BMKG,CMA,ECMWF,GFS,ICON,METEOFRANCE,UKMO",Cerah,79.5,Sedang,22.89,+/-0.71,93.18,+/-2.55,0.12,+/-0.19,22.89,+/-0.71,30.0,15.0,25.1,30.0,0.0,0.0,0.71,2.55,0.19,0.71,7,1.0,17.14,120.0
pltm_besai_kemu,PLTM Besai Kemu,2026-07-22,18.08.03.2017,Kemu,independent_site_reference,yes,-4.87997,104.50453,Asia/Jakarta,PLTM Besai Kemu forecast reference. BMKG ADM4 reference: 18.08.03.2017. Coordinate status: provisional_public_source_pending_asset_confirmation.,00:00,6,6.0,cukup,"CMA,ECMWF,GFS,ICON,METEOFRANCE,UKMO",Cerah,73.2,Sedang,22.74,+/-0.65,93.2,+/-2.14,0.08,+/-0.12,22.74,+/-0.65,33.3,16.7,16.7,33.3,0.0,0.0,0.65,2.14,0.12,0.65,7,0.8571,0.0,0.0
pltm_besai_kemu,PLTM Besai Kemu,2026-07-22,18.08.03.2017,Kemu,independent_site_reference,yes,-4.87997,104.50453,Asia/Jakarta,PLTM Besai Kemu forecast reference. BMKG ADM4 reference: 18.08.03.2017. Coordinate status: provisional_public_source_pending_asset_confirmation.,01:00,6,6.0,cukup,"CMA,ECMWF,GFS,ICON,METEOFRANCE,UKMO",Cerah,73.2,Sedang,22.64,+/-0.6,92.6,+/-2.33,0.1,+/-0.15,22.64,+/-0.6,33.3,16.7,16.7,33.3,0.0,0.0,0.6,2.33,0.15,0.6,7,0.8571,0.0,0.0
pltm_besai_kemu,PLTM Besai Kemu,2026-07-22,18.08.03.2017,Kemu,independent_site_reference,yes,-4.87997,104.50453,Asia/Jakarta,PLTM Besai Kemu forecast reference. BMKG ADM4 reference: 18.08.03.2017. Coordinate status: provisional_public_source_pending_asset_confirmation.,02:00,6,6.0,cukup,"CMA,ECMWF,GFS,ICON,METEOFRANCE,UKMO",Cerah Berawan,77.3,Sedang,22.5,+/-0.7,92.2,+/-2.48,0.07,+/-0.15,22.5,+/-0.7,16.7,50.0,16.7,16.7,0.0,0.0,0.7,2.48,0.15,0.7,7,0.8571,0.0,0.0
pltm_besai_kemu,PLTM Besai Kemu,2026-07-22,18.08.03.2017,Kemu,independent_site_reference,yes,-4.87997,104.50453,Asia/Jakarta,PLTM Besai Kemu forecast reference. BMKG ADM4 reference: 18.08.03.2017. Coordinate status: provisional_public_source_pending_asset_confirmation.,03:00,6,6.0,cukup,"CMA,ECMWF,GFS,ICON,METEOFRANCE,UKMO",Cerah Berawan,77.2,Sedang,22.28,+/-0.82,92.4,+/-2.58,0.08,+/-0.19,22.28,+/-0.82,16.7,50.0,16.7,16.7,0.0,0.0,0.82,2.58,0.19,0.82,7,0.8571,0.0,0.0
pltm_besai_kemu,PLTM Besai Kemu,2026-07-22,18.08.03.2017,Kemu,independent_site_reference,yes,-4.87997,104.50453,Asia/Jakarta,PLTM Besai Kemu forecast reference. BMKG ADM4 reference: 18.08.03.2017. Coordinate status: provisional_public_source_pending_asset_confirmation.,04:00,6,6.0,cukup,"CMA,ECMWF,GFS,ICON,METEOFRANCE,UKMO",Cerah Berawan,73.0,Sedang,22.2,+/-0.85,92.2,+/-1.94,0.08,+/-0.19,22.2,+/-0.85,16.7,33.3,33.3,16.7,0.0,0.0,0.85,1.94,0.19,0.85,7,0.8571,0.0,0.0
pltm_besai_kemu,PLTM Besai Kemu,2026-07-22,18.08.03.2017,Kemu,independent_site_reference,yes,-4.87997,104.50453,Asia/Jakarta,PLTM Besai Kemu forecast reference. BMKG ADM4 reference: 18.08.03.2017. Coordinate status: provisional_public_source_pending_asset_confirmation.,05:00,6,6.0,cukup,"CMA,ECMWF,GFS,ICON,METEOFRANCE,UKMO",Cerah Berawan,76.7,Sedang,22.73,+/-1.41,89.17,+/-5.84,0.05,+/-0.11,22.73,+/-1.41,16.7,50.0,16.7,16.7,0.0,0.0,1.41,5.84,0.11,1.41,7,0.8571,0.0,0.0
pltm_besai_kemu,PLTM Besai Kemu,2026-07-22,18.08.03.2017,Kemu,independent_site_reference,yes,-4.87997,104.50453,Asia/Jakarta,PLTM Besai Kemu forecast reference. BMKG ADM4 reference: 18.08.03.2017. Coordinate status: provisional_public_source_pending_asset_confirmation.,06:00,6,6.0,cukup,"CMA,ECMWF,GFS,ICON,METEOFRANCE,UKMO",Cerah Berawan,80.9,Tinggi,22.65,+/-1.32,89.33,+/-5.25,0.05,+/-0.11,22.65,+/-1.32,16.7,66.7,0.0,16.7,0.0,0.0,1.32,5.25,0.11,1.32,7,0.8571,0.0,0.0
pltm_besai_kemu,PLTM Besai Kemu,2026-07-22,18.08.03.2017,Kemu,independent_site_reference,yes,-4.87997,104.50453,Asia/Jakarta,PLTM Besai Kemu forecast reference. BMKG ADM4 reference: 18.08.03.2017. Coordinate status: provisional_public_source_pending_asset_confirmation.,07:00,6,6.0,cukup,"CMA,ECMWF,GFS,ICON,METEOFRANCE,UKMO",Cerah,77.3,Sedang,22.72,+/-0.55,89.2,+/-2.93,0.05,+/-0.11,22.72,+/-0.55,50.0,33.3,0.0,16.7,0.0,0.0,0.55,2.93,0.11,0.55,7,0.8571,0.0,0.0
pltm_besai_kemu,PLTM Besai Kemu,2026-07-22,18.08.03.2017,Kemu,independent_site_reference,yes,-4.87997,104.50453,Asia/Jakarta,PLTM Besai Kemu forecast reference. BMKG ADM4 reference: 18.08.03.2017. Coordinate status: provisional_public_source_pending_asset_confirmation.,08:00,6,6.0,cukup,"CMA,ECMWF,GFS,ICON,METEOFRANCE,UKMO",Cerah,77.3,Sedang,24.46,+/-0.33,80.67,+/-5.28,0.05,+/-0.11,24.46,+/-0.33,50.0,33.3,0.0,16.7,0.0,0.0,0.33,5.28,0.11,0.33,7,0.8571,0.0,0.0
pltm_besai_kemu,PLTM Besai Kemu,2026-07-22,18.08.03.2017,Kemu,independent_site_reference,yes,-4.87997,104.50453,Asia/Jakarta,PLTM Besai Kemu forecast reference. BMKG ADM4 reference: 18.08.03.2017. Coordinate status: provisional_public_source_pending_asset_confirmation.,09:00,6,6.0,cukup,"CMA,ECMWF,GFS,ICON,METEOFRANCE,UKMO",Cerah,85.1,Tinggi,26.52,+/-1.07,73.0,+/-7.16,0.05,+/-0.11,25.78,+/-0.29,83.3,0.0,0.0,16.7,0.0,0.0,1.07,7.16,0.11,0.29,7,0.8571,0.0,0.0
pltm_besai_kemu,PLTM Besai Kemu,2026-07-22,18.08.03.2017,Kemu,independent_site_reference,yes,-4.87997,104.50453,Asia/Jakarta,PLTM Besai Kemu forecast reference. BMKG ADM4 reference: 18.08.03.2017. Coordinate status: provisional_public_source_pending_asset_confirmation.,10:00,6,6.0,cukup,"CMA,ECMWF,GFS,ICON,METEOFRANCE,UKMO",Cerah,80.8,Tinggi,27.77,+/-1.22,68.17,+/-7.99,0.02,+/-0.04,29.5,+/-1.72,66.7,33.3,0.0,0.0,0.0,0.0,1.22,7.99,0.04,1.72,7,0.8571,0.0,0.0
pltm_besai_kemu,PLTM Besai Kemu,2026-07-22,18.08.03.2017,Kemu,independent_site_reference,yes,-4.87997,104.50453,Asia/Jakarta,PLTM Besai Kemu forecast reference. BMKG ADM4 reference: 18.08.03.2017. Coordinate status: provisional_public_source_pending_asset_confirmation.,11:00,6,6.0,cukup,"CMA,ECMWF,GFS,ICON,METEOFRANCE,UKMO",Cerah Berawan,77.6,Sedang,27.77,+/-0.22,71.25,+/-1.48,0.05,+/-0.08,31.08,+/-1.03,16.7,50.0,0.0,33.3,0.0,0.0,0.22,1.48,0.08,1.03,7,0.8571,0.0,0.0
pltm_besai_kemu,PLTM Besai Kemu,2026-07-22,18.08.03.2017,Kemu,independent_site_reference,yes,-4.87997,104.50453,Asia/Jakarta,PLTM Besai Kemu forecast reference. BMKG ADM4 reference: 18.08.03.2017. Coordinate status: provisional_public_source_pending_asset_confirmation.,12:00,6,6.0,cukup,"CMA,ECMWF,GFS,ICON,METEOFRANCE,UKMO",Hujan Ringan,72.5,Sedang,28.68,+/-1.04,64.33,+/-9.43,0.05,+/-0.08,31.38,+/-0.61,16.7,33.3,16.7,33.3,0.0,0.0,1.04,9.43,0.08,0.61,7,0.8571,0.0,0.0
pltm_besai_kemu,PLTM Besai Kemu,2026-07-22,18.08.03.2017,Kemu,independent_site_reference,yes,-4.87997,104.50453,Asia/Jakarta,PLTM Besai Kemu forecast reference. BMKG ADM4 reference: 18.08.03.2017. Coordinate status: provisional_public_source_pending_asset_confirmation.,13:00,6,6.0,cukup,"CMA,ECMWF,GFS,ICON,METEOFRANCE,UKMO",Hujan Ringan,72.1,Sedang,29.1,+/-1.52,65.17,+/-10.4,0.05,+/-0.08,31.28,+/-0.38,16.7,16.7,33.3,33.3,0.0,0.0,1.52,10.4,0.08,0.38,7,0.8571,0.0,0.0
pltm_besai_kemu,PLTM Besai Kemu,2026-07-22,18.08.03.2017,Kemu,independent_site_reference,yes,-4.87997,104.50453,Asia/Jakarta,PLTM Besai Kemu forecast reference. BMKG ADM4 reference: 18.08.03.2017. Coordinate status: provisional_public_source_pending_asset_confirmation.,14:00,6,6.0,cukup,"CMA,ECMWF,GFS,ICON,METEOFRANCE,UKMO",Hujan Ringan,81.0,Tinggi,27.86,+/-0.4,72.8,+/-5.78,0.78,+/-0.63,30.69,+/-0.33,0.0,16.7,0.0,66.7,16.7,0.0,0.4,5.78,0.63,0.33,7,0.8571,0.0,0.0
pltm_besai_kemu,PLTM Besai Kemu,2026-07-22,18.08.03.2017,Kemu,independent_site_reference,yes,-4.87997,104.50453,Asia/Jakarta,PLTM Besai Kemu forecast reference. BMKG ADM4 reference: 18.08.03.2017. Coordinate status: provisional_public_source_pending_asset_confirmation.,15:00,6,6.0,cukup,"CMA,ECMWF,GFS,ICON,METEOFRANCE,UKMO",Hujan Ringan,76.2,Sedang,27.2,+/-0.63,70.67,+/-12.47,0.77,+/-0.65,29.97,+/-0.24,0.0,16.7,16.7,50.0,16.7,0.0,0.63,12.47,0.65,0.24,7,0.8571,0.0,0.0
pltm_besai_kemu,PLTM Besai Kemu,2026-07-22,18.08.03.2017,Kemu,independent_site_reference,yes,-4.87997,104.50453,Asia/Jakarta,PLTM Besai Kemu forecast reference. BMKG ADM4 reference: 18.08.03.2017. Coordinate status: provisional_public_source_pending_asset_confirmation.,16:00,6,6.0,cukup,"CMA,ECMWF,GFS,ICON,METEOFRANCE,UKMO",Hujan Ringan,75.2,Sedang,27.57,+/-2.3,73.0,+/-14.08,0.77,+/-0.65,28.65,+/-3.1,0.0,33.3,0.0,50.0,16.7,0.0,2.3,14.08,0.65,3.1,7,0.8571,0.0,0.0
pltm_besai_kemu,PLTM Besai Kemu,2026-07-22,18.08.03.2017,Kemu,independent_site_reference,yes,-4.87997,104.50453,Asia/Jakarta,PLTM Besai Kemu forecast reference. BMKG ADM4 reference: 18.08.03.2017. Coordinate status: provisional_public_source_pending_asset_confirmation.,17:00,6,6.0,cukup,"CMA,ECMWF,GFS,ICON,METEOFRANCE,UKMO",Hujan Ringan,80.3,Tinggi,25.78,+/-0.82,78.33,+/-13.4,0.52,+/-0.53,26.22,+/-1.59,0.0,33.3,0.0,66.7,0.0,0.0,0.82,13.4,0.53,1.59,7,0.8571,0.0,0.0
pltm_besai_kemu,PLTM Besai Kemu,2026-07-22,18.08.03.2017,Kemu,independent_site_reference,yes,-4.87997,104.50453,Asia/Jakarta,PLTM Besai Kemu forecast reference. BMKG ADM4 reference: 18.08.03.2017. Coordinate status: provisional_public_source_pending_asset_confirmation.,18:00,6,6.0,cukup,"CMA,ECMWF,GFS,ICON,METEOFRANCE,UKMO",Hujan Ringan,81.1,Tinggi,24.54,+/-0.7,89.6,+/-3.26,0.55,+/-0.53,24.54,+/-0.7,0.0,33.3,0.0,66.7,0.0,0.0,0.7,3.26,0.53,0.7,7,0.8571,0.0,0.0
pltm_besai_kemu,PLTM Besai Kemu,2026-07-22,18.08.03.2017,Kemu,independent_site_reference,yes,-4.87997,104.50453,Asia/Jakarta,PLTM Besai Kemu forecast reference. BMKG ADM4 reference: 18.08.03.2017. Coordinate status: provisional_public_source_pending_asset_confirmation.,19:00,6,6.0,cukup,"CMA,ECMWF,GFS,ICON,METEOFRANCE,UKMO",Hujan Ringan,81.1,Tinggi,23.9,+/-0.68,92.6,+/-3.26,0.52,+/-0.53,23.9,+/-0.68,0.0,33.3,0.0,66.7,0.0,0.0,0.68,3.26,0.53,0.68,7,0.8571,0.0,0.0
pltm_besai_kemu,PLTM Besai Kemu,2026-07-22,18.08.03.2017,Kemu,independent_site_reference,yes,-4.87997,104.50453,Asia/Jakarta,PLTM Besai Kemu forecast reference. BMKG ADM4 reference: 18.08.03.2017. Coordinate status: provisional_public_source_pending_asset_confirmation.,20:00,6,6.0,cukup,"CMA,ECMWF,GFS,ICON,METEOFRANCE,UKMO",Cerah Berawan,77.3,Sedang,23.42,+/-0.59,93.8,+/-3.31,0.02,+/-0.04,23.42,+/-0.59,16.7,50.0,16.7,16.7,0.0,0.0,0.59,3.31,0.04,0.59,7,0.8571,0.0,0.0
pltm_besai_kemu,PLTM Besai Kemu,2026-07-22,18.08.03.2017,Kemu,independent_site_reference,yes,-4.87997,104.50453,Asia/Jakarta,PLTM Besai Kemu forecast reference. BMKG ADM4 reference: 18.08.03.2017. Coordinate status: provisional_public_source_pending_asset_confirmation.,21:00,6,6.0,cukup,"CMA,ECMWF,GFS,ICON,METEOFRANCE,UKMO",Berawan,77.4,Sedang,23.06,+/-0.64,93.8,+/-3.06,0.0,+/-0.0,23.06,+/-0.64,16.7,33.3,50.0,0.0,0.0,0.0,0.64,3.06,0.0,0.64,7,0.8571,0.0,0.0
pltm_besai_kemu,PLTM Besai Kemu,2026-07-22,18.08.03.2017,Kemu,independent_site_reference,yes,-4.87997,104.50453,Asia/Jakarta,PLTM Besai Kemu forecast reference. BMKG ADM4 reference: 18.08.03.2017. Coordinate status: provisional_public_source_pending_asset_confirmation.,22:00,6,6.0,cukup,"CMA,ECMWF,GFS,ICON,METEOFRANCE,UKMO",Berawan,81.7,Tinggi,22.82,+/-0.74,95.0,+/-0.71,0.0,+/-0.0,22.82,+/-0.74,16.7,16.7,66.7,0.0,0.0,0.0,0.74,0.71,0.0,0.74,7,0.8571,0.0,0.0
pltm_besai_kemu,PLTM Besai Kemu,2026-07-22,18.08.03.2017,Kemu,independent_site_reference,yes,-4.87997,104.50453,Asia/Jakarta,PLTM Besai Kemu forecast reference. BMKG ADM4 reference: 18.08.03.2017. Coordinate status: provisional_public_source_pending_asset_confirmation.,23:00,6,6.0,cukup,"CMA,ECMWF,GFS,ICON,METEOFRANCE,UKMO",Cerah Berawan,81.5,Tinggi,22.66,+/-0.67,93.2,+/-3.31,0.02,+/-0.04,22.66,+/-0.67,0.0,66.7,16.7,16.7,0.0,0.0,0.67,3.31,0.04,0.67,7,0.8571,0.0,0.0
